/*--------------------------------*- C++ -*----------------------------------*\
| =========                 |                                                 |
| \\      /  F ield         | OpenFOAM: The Open Source CFD Toolbox           |
|  \\    /   O peration     | Version:  2512                                  |
|   \\  /    A nd           | Website:  www.openfoam.com                      |
|    \\/     M anipulation  |                                                 |
\*---------------------------------------------------------------------------*/
FoamFile
{
    version     2.0;
    format      ascii;
    arch        "LSB;label=32;scalar=64";
    class       volScalarField;
    location    "2";
    object      p;
}
// * * * * * * * * * * * * * * * * * * * * * * * * * * * * * * * * * * * * * //

dimensions      [0 2 -2 0 0 0 0];

internalField   nonuniform List<scalar> 
10250
(
0.752826
0.635273
0.545744
0.490721
0.45216
0.420661
0.395194
0.376213
0.362949
0.353899
0.347626
0.343038
0.339394
0.336233
0.333303
0.330479
0.327711
0.324984
0.322295
0.319649
0.317046
0.314486
0.311968
0.309489
0.307046
0.304636
0.302256
0.299903
0.297576
0.295273
0.292992
0.290731
0.288491
0.28627
0.284067
0.281881
0.279713
0.277562
0.275427
0.273308
0.271204
0.269116
0.267043
0.264985
0.262941
0.260911
0.258896
0.256895
0.254907
0.252933
0.250972
0.249025
0.24709
0.245168
0.243259
0.241362
0.239477
0.237604
0.235743
0.233894
0.232056
0.23023
0.228414
0.22661
0.224817
0.223034
0.221262
0.2195
0.217748
0.216007
0.214275
0.212553
0.21084
0.209137
0.207443
0.205759
0.204083
0.202416
0.200759
0.199109
0.197469
0.195836
0.194212
0.192597
0.190989
0.189389
0.187797
0.186213
0.184637
0.183068
0.181507
0.179953
0.178407
0.176868
0.175336
0.173811
0.172293
0.170783
0.169279
0.167782
0.166292
0.164809
0.163333
0.161864
0.160401
0.158945
0.157495
0.156052
0.154616
0.153187
0.151764
0.150347
0.148938
0.147535
0.146138
0.144748
0.143365
0.141989
0.140619
0.139256
0.1379
0.136551
0.135208
0.133873
0.132544
0.131222
0.129908
0.1286
0.127299
0.126006
0.12472
0.12344
0.122168
0.120903
0.119645
0.118394
0.117151
0.115914
0.114685
0.113462
0.112246
0.111038
0.109836
0.10864
0.107451
0.106269
0.105093
0.103923
0.10276
0.101602
0.10045
0.0993037
0.0981629
0.0970275
0.0958972
0.0947719
0.0936516
0.0925359
0.0914248
0.0903181
0.0892157
0.0881175
0.0870232
0.0859328
0.0848461
0.083763
0.0826835
0.0816073
0.0805345
0.0794648
0.0783983
0.0773347
0.0762741
0.0752164
0.0741614
0.0731092
0.0720597
0.0710127
0.0699683
0.0689263
0.0678868
0.0668497
0.0658149
0.0647824
0.0637522
0.0627241
0.0616982
0.0606745
0.0596528
0.0586331
0.0576155
0.0565998
0.0555861
0.0545742
0.0535642
0.052556
0.0515496
0.0505449
0.049542
0.0485408
0.0475413
0.0465434
0.0455471
0.0445525
0.0435594
0.0425679
0.041578
0.0405896
0.0396028
0.0386175
0.0376338
0.0366517
0.0356711
0.034692
0.0337146
0.0327387
0.0317645
0.0307918
0.0298208
0.0288514
0.0278837
0.0269177
0.0259533
0.0249905
0.0240295
0.0230701
0.0221124
0.0211563
0.0202019
0.0192491
0.0182979
0.0173482
0.0164001
0.0154535
0.0145083
0.0135645
0.012622
0.0116809
0.0107409
0.00980218
0.00886453
0.00792794
0.00699233
0.00605764
0.00512381
0.00419076
0.00325843
0.00232675
0.00139564
0.000465017
0.631286
0.579621
0.525043
0.482675
0.450539
0.423944
0.40168
0.384015
0.370755
0.361025
0.353781
0.348162
0.343568
0.339613
0.336057
0.332756
0.329631
0.326634
0.323739
0.32093
0.318196
0.315528
0.312919
0.310361
0.30785
0.305379
0.302946
0.300546
0.298176
0.295835
0.293519
0.291228
0.288959
0.286712
0.284486
0.282279
0.280091
0.277922
0.27577
0.273635
0.271517
0.269416
0.26733
0.265261
0.263206
0.261167
0.259142
0.257132
0.255136
0.253154
0.251186
0.249231
0.24729
0.245362
0.243446
0.241544
0.239654
0.237776
0.23591
0.234056
0.232214
0.230383
0.228564
0.226756
0.224959
0.223173
0.221397
0.219632
0.217877
0.216132
0.214398
0.212673
0.210958
0.209252
0.207556
0.205869
0.204191
0.202522
0.200862
0.199211
0.197568
0.195934
0.194308
0.19269
0.191081
0.189479
0.187886
0.1863
0.184722
0.183151
0.181589
0.180033
0.178486
0.176945
0.175412
0.173885
0.172366
0.170854
0.169349
0.167851
0.16636
0.164876
0.163398
0.161928
0.160464
0.159006
0.157556
0.156112
0.154675
0.153244
0.15182
0.150403
0.148992
0.147588
0.14619
0.144799
0.143415
0.142038
0.140667
0.139303
0.137946
0.136596
0.135252
0.133916
0.132586
0.131263
0.129947
0.128639
0.127337
0.126043
0.124755
0.123475
0.122202
0.120936
0.119677
0.118425
0.117181
0.115943
0.114713
0.113489
0.112273
0.111063
0.10986
0.108664
0.107475
0.106292
0.105115
0.103944
0.10278
0.101622
0.100469
0.0993221
0.0981808
0.0970448
0.095914
0.0947882
0.0936674
0.0925513
0.0914397
0.0903326
0.0892298
0.0881312
0.0870365
0.0859458
0.0848588
0.0837754
0.0826955
0.0816191
0.0805459
0.079476
0.0784091
0.0773453
0.0762845
0.0752265
0.0741713
0.0731188
0.072069
0.0710218
0.0699772
0.068935
0.0678953
0.0668579
0.0658229
0.0647902
0.0637598
0.0627315
0.0617054
0.0606815
0.0596596
0.0586397
0.0576219
0.056606
0.0555921
0.0545801
0.0535699
0.0525615
0.051555
0.0505502
0.0495471
0.0485458
0.0475461
0.046548
0.0455516
0.0445568
0.0435636
0.042572
0.0415819
0.0405934
0.0396065
0.0386211
0.0376372
0.036655
0.0356742
0.0346951
0.0337175
0.0327415
0.0317671
0.0307943
0.0298232
0.0288536
0.0278858
0.0269196
0.0259551
0.0249922
0.024031
0.0230715
0.0221137
0.0211575
0.020203
0.01925
0.0182987
0.017349
0.0164008
0.015454
0.0145088
0.0135649
0.0126224
0.0116811
0.0107412
0.00980235
0.00886466
0.00792803
0.00699239
0.00605768
0.00512382
0.00419076
0.00325842
0.00232674
0.00139564
0.00046499
0.561997
0.539141
0.507345
0.476162
0.449613
0.427095
0.407672
0.391277
0.377995
0.367541
0.359329
0.352754
0.34733
0.342707
0.338638
0.334951
0.331531
0.328303
0.325223
0.32226
0.319395
0.316614
0.313906
0.311261
0.308672
0.306134
0.30364
0.301186
0.298768
0.296384
0.29403
0.291704
0.289404
0.287129
0.284877
0.282647
0.280438
0.27825
0.27608
0.27393
0.271797
0.269682
0.267584
0.265502
0.263437
0.261387
0.259353
0.257334
0.25533
0.253341
0.251366
0.249404
0.247457
0.245523
0.243602
0.241694
0.239799
0.237917
0.236046
0.234188
0.232342
0.230508
0.228685
0.226874
0.225073
0.223284
0.221505
0.219737
0.21798
0.216232
0.214495
0.212768
0.21105
0.209343
0.207644
0.205955
0.204275
0.202605
0.200943
0.19929
0.197645
0.196009
0.194382
0.192762
0.191151
0.189548
0.187953
0.186366
0.184787
0.183215
0.181651
0.180095
0.178546
0.177004
0.175469
0.173942
0.172422
0.170909
0.169403
0.167904
0.166411
0.164926
0.163448
0.161976
0.160511
0.159053
0.157601
0.156156
0.154718
0.153287
0.151862
0.150443
0.149032
0.147627
0.146228
0.144837
0.143452
0.142073
0.140702
0.139337
0.137979
0.136628
0.135283
0.133946
0.132615
0.131292
0.129975
0.128666
0.127363
0.126068
0.124779
0.123498
0.122224
0.120958
0.119698
0.118446
0.1172
0.115962
0.114731
0.113507
0.11229
0.111079
0.109876
0.108679
0.107489
0.106305
0.105128
0.103957
0.102792
0.101634
0.100481
0.0993333
0.0981916
0.0970552
0.0959241
0.094798
0.0936769
0.0925605
0.0914487
0.0903414
0.0892384
0.0881395
0.0870446
0.0859537
0.0848665
0.0837829
0.0827028
0.0816262
0.0805529
0.0794828
0.0784158
0.0773518
0.0762908
0.0752326
0.0741773
0.0731247
0.0720747
0.0710274
0.0699826
0.0689402
0.0679004
0.0668629
0.0658277
0.0647949
0.0637643
0.0627359
0.0617097
0.0606856
0.0596636
0.0586436
0.0576257
0.0566097
0.0555956
0.0545835
0.0535732
0.0525647
0.051558
0.0505531
0.04955
0.0485485
0.0475487
0.0465505
0.045554
0.0445591
0.0435658
0.0425741
0.0415839
0.0405953
0.0396082
0.0386227
0.0376387
0.0366563
0.0356755
0.0346962
0.0337185
0.0327424
0.0317678
0.0307949
0.0298237
0.028854
0.027886
0.0269197
0.0259551
0.0249921
0.0240308
0.0230712
0.0221133
0.021157
0.0202024
0.0192494
0.0182981
0.0173483
0.0164
0.0154533
0.014508
0.0135641
0.0126215
0.0116803
0.0107403
0.00980154
0.00886388
0.00792727
0.00699166
0.00605699
0.00512318
0.00419018
0.00325791
0.00232631
0.00139534
0.000464825
0.520692
0.509117
0.489919
0.467508
0.446137
0.427192
0.410494
0.395876
0.383404
0.373046
0.364535
0.357486
0.35154
0.346407
0.341873
0.337779
0.334012
0.330492
0.327166
0.323995
0.320954
0.31802
0.31518
0.31242
0.30973
0.307102
0.304529
0.302004
0.299523
0.297081
0.294675
0.292303
0.289961
0.287648
0.285361
0.2831
0.280862
0.278648
0.276454
0.274282
0.272129
0.269995
0.26788
0.265783
0.263703
0.261641
0.259594
0.257564
0.255549
0.25355
0.251565
0.249596
0.24764
0.245699
0.243771
0.241857
0.239955
0.238067
0.236192
0.234328
0.232478
0.230639
0.228812
0.226996
0.225192
0.223399
0.221617
0.219845
0.218085
0.216334
0.214594
0.212864
0.211144
0.209434
0.207733
0.206042
0.20436
0.202687
0.201023
0.199368
0.197722
0.196084
0.194455
0.192834
0.191221
0.189616
0.18802
0.186431
0.184851
0.183278
0.181712
0.180154
0.178604
0.177061
0.175525
0.173997
0.172475
0.170961
0.169454
0.167954
0.166461
0.164974
0.163495
0.162022
0.160556
0.159097
0.157644
0.156199
0.154759
0.153327
0.151901
0.150482
0.149069
0.147663
0.146264
0.144872
0.143486
0.142107
0.140734
0.139368
0.13801
0.136657
0.135312
0.133974
0.132643
0.131318
0.130001
0.12869
0.127387
0.126091
0.124802
0.12352
0.122245
0.120978
0.119717
0.118464
0.117218
0.115979
0.114747
0.113523
0.112305
0.111094
0.10989
0.108693
0.107502
0.106318
0.10514
0.103969
0.102803
0.101644
0.100491
0.099343
0.0982009
0.0970642
0.0959328
0.0948064
0.093685
0.0925684
0.0914563
0.0903488
0.0892455
0.0881464
0.0870514
0.0859602
0.0848729
0.0837891
0.0827089
0.0816321
0.0805587
0.0794884
0.0784213
0.0773572
0.076296
0.0752377
0.0741822
0.0731295
0.0720794
0.0710319
0.069987
0.0689445
0.0679045
0.0668669
0.0658317
0.0647987
0.063768
0.0627395
0.0617132
0.060689
0.0596668
0.0586468
0.0576287
0.0566126
0.0555985
0.0545862
0.0535758
0.0525672
0.0515605
0.0505554
0.0495522
0.0485506
0.0475507
0.0465524
0.0455558
0.0445608
0.0435674
0.0425755
0.0415852
0.0405965
0.0396093
0.0386236
0.0376396
0.036657
0.035676
0.0346966
0.0337187
0.0327425
0.0317678
0.0307948
0.0298234
0.0288536
0.0278855
0.026919
0.0259543
0.0249912
0.0240298
0.0230701
0.0221121
0.0211557
0.0202011
0.019248
0.0182966
0.0173468
0.0163985
0.0154517
0.0145064
0.0135625
0.01262
0.0116788
0.0107389
0.00980016
0.00886255
0.007926
0.00699046
0.00605587
0.00512215
0.00418925
0.00325711
0.00232566
0.00139491
0.000464603
0.492148
0.485362
0.473051
0.457077
0.440394
0.424781
0.410648
0.397963
0.386748
0.377036
0.368733
0.361628
0.355477
0.350065
0.345224
0.340827
0.336776
0.333
0.329445
0.326072
0.322849
0.319755
0.316771
0.313881
0.311075
0.308341
0.305672
0.30306
0.3005
0.297987
0.295516
0.293084
0.290688
0.288325
0.285993
0.28369
0.281415
0.279165
0.27694
0.274738
0.272558
0.2704
0.268262
0.266144
0.264045
0.261964
0.259901
0.257855
0.255826
0.253813
0.251817
0.249835
0.247869
0.245917
0.24398
0.242057
0.240148
0.238252
0.236369
0.234499
0.232642
0.230797
0.228964
0.227143
0.225334
0.223536
0.22175
0.219974
0.218209
0.216455
0.214711
0.212978
0.211254
0.209541
0.207837
0.206143
0.204458
0.202782
0.201116
0.199458
0.19781
0.19617
0.194538
0.192915
0.191301
0.189694
0.188096
0.186506
0.184923
0.183348
0.181781
0.180222
0.17867
0.177126
0.175588
0.174059
0.172536
0.17102
0.169512
0.168011
0.166516
0.165029
0.163548
0.162074
0.160607
0.159147
0.157693
0.156246
0.154806
0.153373
0.151946
0.150526
0.149112
0.147705
0.146305
0.144912
0.143525
0.142145
0.140772
0.139405
0.138045
0.136692
0.135346
0.134007
0.132675
0.13135
0.130031
0.12872
0.127416
0.126119
0.124829
0.123546
0.122271
0.121002
0.119741
0.118487
0.11724
0.116001
0.114768
0.113543
0.112324
0.111112
0.109908
0.10871
0.107518
0.106334
0.105155
0.103983
0.102817
0.101658
0.100504
0.0993555
0.098213
0.0970758
0.0959439
0.0948172
0.0936953
0.0925783
0.0914659
0.090358
0.0892545
0.0881551
0.0870598
0.0859683
0.0848807
0.0837967
0.0827163
0.0816393
0.0805656
0.0794951
0.0784278
0.0773635
0.0763022
0.0752437
0.0741881
0.0731352
0.072085
0.0710373
0.0699922
0.0689497
0.0679095
0.0668718
0.0658364
0.0648033
0.0637725
0.0627438
0.0617174
0.0606931
0.0596708
0.0586506
0.0576325
0.0566163
0.055602
0.0545896
0.0535791
0.0525704
0.0515635
0.0505584
0.049555
0.0485533
0.0475533
0.0465549
0.0455582
0.044563
0.0435695
0.0425775
0.041587
0.0405982
0.0396108
0.038625
0.0376408
0.0366581
0.0356769
0.0346973
0.0337193
0.0327428
0.031768
0.0307948
0.0298232
0.0288533
0.027885
0.0269184
0.0259535
0.0249903
0.0240287
0.0230689
0.0221108
0.0211543
0.0201996
0.0192465
0.018295
0.0173451
0.0163968
0.01545
0.0145047
0.0135608
0.0126183
0.0116772
0.0107373
0.00979857
0.00886102
0.00792454
0.00698908
0.00605457
0.00512096
0.00418818
0.0032562
0.00232491
0.00139443
0.000464352
0.470997
0.466542
0.458197
0.446729
0.433905
0.421225
0.409347
0.398416
0.388478
0.379578
0.371709
0.364774
0.358629
0.353125
0.348141
0.343575
0.33935
0.335404
0.331687
0.328162
0.324798
0.321572
0.318465
0.315461
0.312548
0.309716
0.306954
0.304257
0.301618
0.299031
0.296492
0.293998
0.291543
0.289126
0.286745
0.284395
0.282077
0.279788
0.277526
0.27529
0.273079
0.270891
0.268726
0.266583
0.26446
0.262357
0.260274
0.25821
0.256163
0.254134
0.252122
0.250127
0.248147
0.246183
0.244235
0.242301
0.240381
0.238476
0.236584
0.234706
0.232841
0.230988
0.229148
0.227321
0.225505
0.223701
0.221909
0.220128
0.218358
0.216599
0.214851
0.213113
0.211386
0.209668
0.207961
0.206263
0.204575
0.202896
0.201226
0.199566
0.197914
0.196271
0.194637
0.193012
0.191395
0.189786
0.188185
0.186593
0.185008
0.183432
0.181863
0.180301
0.178748
0.177201
0.175663
0.174131
0.172607
0.17109
0.16958
0.168077
0.166581
0.165093
0.163611
0.162136
0.160667
0.159206
0.157751
0.156303
0.154862
0.153427
0.151999
0.150578
0.149164
0.147756
0.146355
0.14496
0.143573
0.142192
0.140817
0.13945
0.138089
0.136735
0.135388
0.134048
0.132715
0.131389
0.13007
0.128758
0.127453
0.126155
0.124864
0.123581
0.122304
0.121035
0.119773
0.118518
0.117271
0.11603
0.114797
0.11357
0.112351
0.111138
0.109933
0.108734
0.107542
0.106356
0.105177
0.104004
0.102838
0.101677
0.100522
0.0993736
0.0982303
0.0970925
0.09596
0.0948326
0.0937102
0.0925926
0.0914797
0.0903713
0.0892672
0.0881674
0.0870716
0.0859797
0.0848917
0.0838074
0.0827266
0.0816492
0.0805752
0.0795045
0.0784368
0.0773723
0.0763107
0.075252
0.0741961
0.073143
0.0720925
0.0710447
0.0699994
0.0689567
0.0679164
0.0668785
0.0658429
0.0648096
0.0637787
0.0627499
0.0617233
0.0606988
0.0596764
0.0586561
0.0576378
0.0566215
0.0556071
0.0545946
0.0535839
0.0525751
0.0515681
0.0505628
0.0495593
0.0485575
0.0475573
0.0465588
0.0455619
0.0445666
0.0435729
0.0425808
0.0415902
0.0406011
0.0396136
0.0386276
0.0376432
0.0366603
0.0356789
0.0346991
0.0337209
0.0327442
0.0317692
0.0307958
0.029824
0.0288538
0.0278853
0.0269185
0.0259534
0.02499
0.0240283
0.0230683
0.02211
0.0211535
0.0201986
0.0192453
0.0182938
0.0173438
0.0163954
0.0154486
0.0145032
0.0135593
0.0126168
0.0116757
0.0107358
0.0097971
0.00885958
0.00792315
0.00698776
0.00605332
0.00511981
0.00418713
0.00325531
0.00232417
0.00139396
0.000464068
0.454739
0.451615
0.445698
0.4373
0.427431
0.41718
0.407214
0.397795
0.389018
0.380944
0.373603
0.366968
0.360966
0.355506
0.3505
0.345874
0.341566
0.337524
0.333708
0.330081
0.326617
0.323294
0.320092
0.316998
0.313999
0.311084
0.308244
0.305473
0.302764
0.300112
0.297511
0.294958
0.292449
0.289981
0.287551
0.285157
0.282796
0.280468
0.278169
0.275898
0.273655
0.271437
0.269244
0.267074
0.264927
0.262801
0.260697
0.258612
0.256547
0.2545
0.252471
0.25046
0.248466
0.246489
0.244527
0.242581
0.24065
0.238734
0.236832
0.234944
0.23307
0.231209
0.229361
0.227526
0.225703
0.223893
0.222094
0.220307
0.218531
0.216767
0.215013
0.21327
0.211538
0.209816
0.208104
0.206402
0.20471
0.203027
0.201354
0.19969
0.198035
0.196389
0.194752
0.193124
0.191504
0.189892
0.188289
0.186694
0.185107
0.183528
0.181957
0.180394
0.178838
0.17729
0.175749
0.174216
0.17269
0.171171
0.16966
0.168155
0.166658
0.165168
0.163684
0.162208
0.160738
0.159275
0.15782
0.15637
0.154928
0.153492
0.152063
0.150641
0.149225
0.147817
0.146415
0.145019
0.14363
0.142249
0.140873
0.139505
0.138143
0.136789
0.135441
0.1341
0.132766
0.131439
0.130119
0.128806
0.1275
0.126202
0.12491
0.123626
0.122348
0.121078
0.119815
0.11856
0.117311
0.116069
0.114835
0.113608
0.112387
0.111174
0.109967
0.108767
0.107574
0.106388
0.105207
0.104034
0.102866
0.101705
0.100549
0.0993991
0.0982549
0.0971162
0.0959828
0.0948545
0.0937313
0.0926129
0.0914992
0.0903901
0.0892853
0.0881847
0.0870883
0.0859959
0.0849072
0.0838223
0.082741
0.0816632
0.0805887
0.0795175
0.0784494
0.0773845
0.0763225
0.0752635
0.0742073
0.0731538
0.0721031
0.0710549
0.0700094
0.0689664
0.0679258
0.0668877
0.0658519
0.0648185
0.0637873
0.0627583
0.0617315
0.0607069
0.0596843
0.0586638
0.0576454
0.0566289
0.0556143
0.0546017
0.0535909
0.0525819
0.0515747
0.0505693
0.0495657
0.0485637
0.0475634
0.0465647
0.0455676
0.0445722
0.0435783
0.042586
0.0415952
0.040606
0.0396183
0.0386321
0.0376475
0.0366643
0.0356828
0.0347027
0.0337243
0.0327474
0.0317721
0.0307984
0.0298263
0.0288559
0.0278872
0.0269201
0.0259548
0.0249911
0.0240292
0.023069
0.0221105
0.0211537
0.0201986
0.0192452
0.0182935
0.0173434
0.0163949
0.0154479
0.0145025
0.0135585
0.0126159
0.0116747
0.0107348
0.00979607
0.00885854
0.00792211
0.00698674
0.00605233
0.00511888
0.00418625
0.00325456
0.00232351
0.00139354
0.000463753
0.44193
0.439642
0.435279
0.428961
0.421271
0.412958
0.40459
0.396468
0.388726
0.381441
0.374662
0.368401
0.362631
0.357302
0.352358
0.347745
0.343417
0.339335
0.335463
0.331774
0.328242
0.324849
0.321578
0.318415
0.315347
0.312366
0.309463
0.306631
0.303863
0.301155
0.298501
0.295897
0.29334
0.290826
0.288353
0.285918
0.283519
0.281154
0.278822
0.276519
0.274245
0.271999
0.269779
0.267584
0.265413
0.263266
0.26114
0.259036
0.256952
0.254888
0.252843
0.250816
0.248807
0.246816
0.244842
0.242883
0.240941
0.239014
0.237101
0.235204
0.23332
0.231451
0.229594
0.227751
0.225921
0.224103
0.222298
0.220504
0.218722
0.216952
0.215193
0.213445
0.211707
0.20998
0.208264
0.206557
0.204861
0.203174
0.201497
0.199829
0.198171
0.196522
0.194881
0.19325
0.191627
0.190012
0.188406
0.186809
0.185219
0.183638
0.182064
0.180498
0.17894
0.17739
0.175847
0.174312
0.172784
0.171264
0.169751
0.168244
0.166745
0.165254
0.163769
0.162291
0.16082
0.159356
0.157898
0.156448
0.155004
0.153568
0.152137
0.150714
0.149298
0.147888
0.146485
0.145088
0.143699
0.142316
0.14094
0.139571
0.138208
0.136853
0.135504
0.134162
0.132827
0.1315
0.130179
0.128865
0.127558
0.126259
0.124966
0.123681
0.122403
0.121132
0.119868
0.118611
0.117362
0.116119
0.114884
0.113655
0.112434
0.111219
0.110011
0.10881
0.107616
0.106428
0.105247
0.104072
0.102903
0.101741
0.100584
0.0994328
0.0982875
0.0971476
0.0960131
0.0948838
0.0937595
0.09264
0.0915253
0.0904152
0.0893095
0.088208
0.0871108
0.0860175
0.084928
0.0838424
0.0827603
0.0816818
0.0806067
0.0795349
0.0784663
0.0774007
0.0763383
0.0752787
0.0742221
0.0731682
0.072117
0.0710685
0.0700226
0.0689793
0.0679384
0.0669
0.0658639
0.0648301
0.0637987
0.0627695
0.0617424
0.0607176
0.0596948
0.0586741
0.0576554
0.0566387
0.055624
0.0546111
0.0536002
0.052591
0.0515837
0.0505781
0.0495743
0.0485722
0.0475717
0.0465729
0.0455756
0.04458
0.043586
0.0425935
0.0416025
0.0406131
0.0396252
0.0386388
0.037654
0.0366706
0.0356888
0.0347086
0.0337298
0.0327527
0.0317771
0.0308032
0.0298308
0.0288602
0.0278911
0.0269238
0.0259581
0.0249942
0.024032
0.0230715
0.0221127
0.0211556
0.0202003
0.0192467
0.0182947
0.0173443
0.0163956
0.0154485
0.0145029
0.0135587
0.012616
0.0116747
0.0107346
0.00979582
0.00885821
0.00792171
0.00698628
0.00605183
0.00511837
0.00418573
0.00325409
0.00232303
0.00139324
0.000463424
0.431642
0.429905
0.426574
0.421684
0.415588
0.408794
0.401748
0.394733
0.387903
0.381347
0.375123
0.369263
0.363771
0.358625
0.353794
0.349242
0.344939
0.340854
0.336961
0.333239
0.329666
0.326225
0.322904
0.319688
0.316568
0.313534
0.31058
0.307697
0.30488
0.302124
0.299424
0.296777
0.294178
0.291625
0.289114
0.286643
0.284211
0.281813
0.27945
0.277119
0.274818
0.272546
0.270302
0.268084
0.265892
0.263723
0.261578
0.259456
0.257355
0.255274
0.253214
0.251173
0.249151
0.247146
0.24516
0.24319
0.241236
0.239299
0.237377
0.23547
0.233577
0.231699
0.229835
0.227984
0.226146
0.224322
0.22251
0.22071
0.218922
0.217146
0.215381
0.213628
0.211885
0.210153
0.208432
0.206721
0.205021
0.20333
0.201649
0.199977
0.198315
0.196663
0.195019
0.193384
0.191758
0.190141
0.188532
0.186932
0.18534
0.183756
0.18218
0.180612
0.179051
0.177499
0.175954
0.174417
0.172887
0.171365
0.16985
0.168342
0.166841
0.165348
0.163861
0.162382
0.16091
0.159444
0.157986
0.156534
0.155089
0.153651
0.15222
0.150795
0.149378
0.147967
0.146563
0.145166
0.143775
0.142391
0.141015
0.139645
0.138281
0.136925
0.135576
0.134233
0.132898
0.131569
0.130247
0.128933
0.127625
0.126325
0.125032
0.123746
0.122466
0.121195
0.11993
0.118672
0.117421
0.116178
0.114941
0.113712
0.112489
0.111273
0.110064
0.108862
0.107667
0.106478
0.105295
0.104119
0.102949
0.101785
0.100626
0.0994741
0.0983275
0.0971863
0.0960505
0.0949199
0.0937943
0.0926736
0.0915577
0.0904464
0.0893396
0.0882371
0.0871387
0.0860444
0.084954
0.0838674
0.0827845
0.0817051
0.0806292
0.0795566
0.0784873
0.0774211
0.076358
0.0752978
0.0742406
0.0731861
0.0721345
0.0710855
0.0700391
0.0689953
0.067954
0.0669152
0.0658788
0.0648447
0.0638129
0.0627833
0.061756
0.0607308
0.0597078
0.0586868
0.0576679
0.056651
0.055636
0.0546229
0.0536118
0.0526024
0.0515949
0.0505891
0.0495851
0.0485828
0.0475822
0.0465832
0.0455858
0.04459
0.0435958
0.0426031
0.041612
0.0406224
0.0396343
0.0386477
0.0376627
0.0366791
0.0356971
0.0347166
0.0337377
0.0327603
0.0317845
0.0308102
0.0298376
0.0288666
0.0278973
0.0269296
0.0259637
0.0249994
0.0240369
0.0230761
0.022117
0.0211596
0.0202039
0.01925
0.0182977
0.0173471
0.016398
0.0154506
0.0145048
0.0135604
0.0126174
0.0116759
0.0107356
0.00979663
0.00885885
0.00792219
0.00698663
0.00605204
0.00511848
0.00418572
0.00325405
0.00232286
0.00139314
0.000463127
0.423259
0.421898
0.419277
0.415394
0.410471
0.404857
0.398888
0.392809
0.38677
0.380867
0.375164
0.369703
0.364504
0.359567
0.354879
0.350421
0.346172
0.342113
0.338226
0.334492
0.330898
0.327428
0.324072
0.320818
0.317657
0.314582
0.311585
0.308661
0.305803
0.303007
0.300268
0.297583
0.294948
0.29236
0.289817
0.287315
0.284852
0.282426
0.280036
0.277679
0.275354
0.273059
0.270793
0.268555
0.266343
0.264156
0.261994
0.259855
0.257739
0.255644
0.25357
0.251516
0.249481
0.247465
0.245467
0.243486
0.241523
0.239576
0.237645
0.235729
0.233828
0.231942
0.230071
0.228213
0.226369
0.224538
0.222719
0.220914
0.21912
0.217339
0.215569
0.21381
0.212063
0.210327
0.208602
0.206887
0.205182
0.203487
0.201802
0.200128
0.198462
0.196806
0.195159
0.193521
0.191892
0.190272
0.188661
0.187058
0.185463
0.183877
0.182298
0.180728
0.179166
0.177611
0.176064
0.174525
0.172994
0.17147
0.169953
0.168443
0.166941
0.165446
0.163958
0.162477
0.161004
0.159537
0.158077
0.156624
0.155178
0.153739
0.152307
0.150882
0.149463
0.148051
0.146646
0.145248
0.143857
0.142472
0.141095
0.139724
0.13836
0.137003
0.135653
0.13431
0.132973
0.131644
0.130322
0.129007
0.127698
0.126397
0.125103
0.123816
0.122536
0.121263
0.119998
0.118739
0.117487
0.116243
0.115005
0.113775
0.112551
0.111334
0.110124
0.10892
0.107723
0.106533
0.105349
0.104171
0.103
0.101834
0.100675
0.0995212
0.0983732
0.0972306
0.0960934
0.0949614
0.0938345
0.0927125
0.0915952
0.0904826
0.0893746
0.0882708
0.0871713
0.0860758
0.0849844
0.0838967
0.0828128
0.0817324
0.0806556
0.0795821
0.0785119
0.0774449
0.076381
0.0753202
0.0742622
0.0732072
0.0721549
0.0711053
0.0700584
0.0690141
0.0679723
0.066933
0.0658961
0.0648616
0.0638294
0.0627995
0.0617718
0.0607463
0.0597229
0.0587017
0.0576824
0.0566652
0.05565
0.0546366
0.0536252
0.0526157
0.0516079
0.0506019
0.0495977
0.0485952
0.0475944
0.0465952
0.0455976
0.0446017
0.0436073
0.0426145
0.0416232
0.0406334
0.0396452
0.0386584
0.0376732
0.0366895
0.0357073
0.0347266
0.0337474
0.0327698
0.0317938
0.0308193
0.0298464
0.0288752
0.0279056
0.0269376
0.0259714
0.0250068
0.0240439
0.0230827
0.0221233
0.0211656
0.0202096
0.0192552
0.0183026
0.0173516
0.0164023
0.0154545
0.0145083
0.0135636
0.0126203
0.0116785
0.010738
0.00979869
0.00886065
0.00792374
0.00698795
0.00605312
0.00511937
0.00418637
0.00325455
0.0023231
0.0013933
0.000462936
0.416358
0.415263
0.413147
0.409991
0.405941
0.40124
0.39614
0.39084
0.385478
0.380149
0.374919
0.369835
0.364927
0.360209
0.35568
0.351333
0.347159
0.343147
0.339283
0.335557
0.331956
0.328471
0.325093
0.321812
0.318621
0.315513
0.312483
0.309524
0.306632
0.303802
0.30103
0.298313
0.295646
0.293028
0.290456
0.287926
0.285437
0.282986
0.280571
0.278192
0.275845
0.27353
0.271245
0.268988
0.266759
0.264556
0.262378
0.260225
0.258094
0.255986
0.2539
0.251834
0.249788
0.247761
0.245753
0.243764
0.241791
0.239835
0.237896
0.235973
0.234065
0.232172
0.230294
0.22843
0.226579
0.224743
0.222919
0.221108
0.219309
0.217523
0.215749
0.213986
0.212234
0.210494
0.208765
0.207046
0.205337
0.203639
0.201951
0.200273
0.198605
0.196946
0.195296
0.193655
0.192024
0.190401
0.188787
0.187182
0.185585
0.183996
0.182416
0.180843
0.179279
0.177723
0.176174
0.174633
0.1731
0.171574
0.170056
0.168545
0.167041
0.165545
0.164055
0.162573
0.161098
0.15963
0.15817
0.156716
0.155269
0.153829
0.152395
0.150969
0.14955
0.148137
0.146731
0.145332
0.14394
0.142555
0.141177
0.139805
0.138441
0.137083
0.135732
0.134388
0.133052
0.131722
0.130399
0.129083
0.127774
0.126472
0.125177
0.12389
0.122609
0.121335
0.120069
0.118809
0.117557
0.116311
0.115072
0.113841
0.112616
0.111398
0.110186
0.108982
0.107784
0.106592
0.105407
0.104228
0.103055
0.101888
0.100727
0.0995718
0.0984223
0.0972783
0.0961396
0.0950062
0.0938779
0.0927545
0.0916359
0.090522
0.0894126
0.0883076
0.0872068
0.0861102
0.0850176
0.0839288
0.0828438
0.0817624
0.0806845
0.0796101
0.078539
0.0774712
0.0764065
0.0753448
0.0742861
0.0732304
0.0721774
0.0711272
0.0700797
0.0690348
0.0679924
0.0669526
0.0659152
0.0648803
0.0638476
0.0628173
0.0617892
0.0607633
0.0597395
0.0587179
0.0576983
0.0566808
0.0556653
0.0546516
0.0536399
0.0526301
0.0516221
0.0506159
0.0496114
0.0486087
0.0476077
0.0466083
0.0456106
0.0446144
0.0436199
0.0426269
0.0416355
0.0406456
0.0396572
0.0386703
0.037685
0.0367011
0.0357187
0.0347379
0.0337586
0.0327808
0.0318046
0.0308299
0.0298568
0.0288853
0.0279155
0.0269473
0.0259807
0.0250159
0.0240527
0.0230912
0.0221314
0.0211734
0.020217
0.0192623
0.0183093
0.0173579
0.0164082
0.0154601
0.0145135
0.0135684
0.0126248
0.0116825
0.0107417
0.00980204
0.00886366
0.00792641
0.0069903
0.00605514
0.0051211
0.00418776
0.00325567
0.00232384
0.00139377
0.000462934
0.410646
0.409744
0.407996
0.405375
0.40198
0.397986
0.39358
0.388922
0.384133
0.379301
0.374491
0.369753
0.365122
0.360619
0.356253
0.352028
0.347941
0.343987
0.34016
0.336452
0.332858
0.329369
0.325978
0.32268
0.319467
0.316335
0.313277
0.310291
0.30737
0.304511
0.301711
0.298966
0.296272
0.293628
0.29103
0.288476
0.285963
0.28349
0.281055
0.278655
0.276289
0.273956
0.271653
0.26938
0.267136
0.264918
0.262727
0.26056
0.258417
0.256298
0.2542
0.252124
0.250068
0.248032
0.246015
0.244017
0.242036
0.240073
0.238127
0.236197
0.234282
0.232383
0.230499
0.228629
0.226773
0.224931
0.223103
0.221287
0.219484
0.217694
0.215915
0.214148
0.212393
0.210649
0.208916
0.207194
0.205483
0.203782
0.202091
0.20041
0.198738
0.197077
0.195424
0.193781
0.192147
0.190522
0.188906
0.187299
0.1857
0.184109
0.182527
0.180953
0.179387
0.177829
0.176278
0.174736
0.173201
0.171674
0.170154
0.168642
0.167137
0.165639
0.164149
0.162666
0.16119
0.159721
0.158259
0.156804
0.155356
0.153915
0.152481
0.151054
0.149634
0.14822
0.146814
0.145414
0.144022
0.142636
0.141257
0.139885
0.13852
0.137162
0.13581
0.134466
0.133128
0.131798
0.130474
0.129158
0.127849
0.126546
0.125251
0.123962
0.122681
0.121406
0.120139
0.118879
0.117625
0.116379
0.115139
0.113907
0.112681
0.111462
0.110249
0.109043
0.107844
0.106651
0.105465
0.104284
0.10311
0.101942
0.10078
0.0996232
0.0984723
0.0973269
0.0961869
0.0950521
0.0939224
0.0927977
0.0916778
0.0905626
0.0894519
0.0883456
0.0872436
0.0861458
0.085052
0.0839621
0.082876
0.0817936
0.0807147
0.0796393
0.0785673
0.0774986
0.076433
0.0753706
0.0743111
0.0732546
0.072201
0.0711501
0.0701019
0.0690564
0.0680135
0.0669731
0.0659352
0.0648998
0.0638666
0.0628358
0.0618073
0.060781
0.0597569
0.0587348
0.0577149
0.056697
0.0556812
0.0546672
0.0536552
0.0526451
0.0516368
0.0506304
0.0496257
0.0486227
0.0476215
0.0466219
0.045624
0.0446277
0.043633
0.0426398
0.0416483
0.0406582
0.0396697
0.0386827
0.0376973
0.0367133
0.0357308
0.0347499
0.0337704
0.0327925
0.0318161
0.0308413
0.0298681
0.0288964
0.0279264
0.026958
0.0259912
0.0250261
0.0240627
0.0231009
0.0221408
0.0211824
0.0202257
0.0192707
0.0183173
0.0173656
0.0164155
0.015467
0.01452
0.0135745
0.0126305
0.0116878
0.0107465
0.00980653
0.00886776
0.0079301
0.00699361
0.00605805
0.00512362
0.00418986
0.00325737
0.00232508
0.00139457
0.000463188
0.40591
0.40515
0.403675
0.401455
0.398556
0.395109
0.391255
0.387122
0.382811
0.378403
0.37396
0.369532
0.365155
0.360855
0.35665
0.352547
0.34855
0.344662
0.340879
0.3372
0.333619
0.330134
0.326739
0.32343
0.320203
0.317052
0.313974
0.310965
0.308021
0.305138
0.302314
0.299545
0.296828
0.294161
0.291541
0.288965
0.286432
0.28394
0.281485
0.279068
0.276685
0.274335
0.272018
0.26973
0.267472
0.265242
0.263038
0.26086
0.258706
0.256576
0.254468
0.252383
0.250318
0.248274
0.246249
0.244244
0.242256
0.240286
0.238333
0.236397
0.234477
0.232573
0.230683
0.228809
0.226948
0.225102
0.223269
0.221449
0.219642
0.217848
0.216066
0.214296
0.212537
0.21079
0.209054
0.207329
0.205615
0.203911
0.202217
0.200534
0.19886
0.197196
0.195542
0.193897
0.192261
0.190634
0.189016
0.187406
0.185806
0.184213
0.182629
0.181054
0.179486
0.177926
0.176375
0.174831
0.173295
0.171766
0.170245
0.168732
0.167226
0.165727
0.164236
0.162752
0.161275
0.159805
0.158342
0.156886
0.155438
0.153996
0.152561
0.151133
0.149713
0.148299
0.146892
0.145492
0.144098
0.142712
0.141333
0.13996
0.138594
0.137236
0.135884
0.134539
0.133201
0.13187
0.130546
0.129229
0.127919
0.126616
0.12532
0.124031
0.122749
0.121474
0.120206
0.118945
0.117691
0.116444
0.115203
0.11397
0.112743
0.111523
0.11031
0.109103
0.107902
0.106708
0.105521
0.104339
0.103164
0.101994
0.100831
0.0996731
0.0985209
0.0973742
0.096233
0.0950969
0.0939659
0.0928399
0.0917188
0.0906023
0.0894904
0.088383
0.0872798
0.0861809
0.0850859
0.083995
0.0829079
0.0818244
0.0807446
0.0796683
0.0785954
0.0775258
0.0764595
0.0753962
0.074336
0.0732788
0.0722244
0.0711729
0.0701241
0.069078
0.0680345
0.0669936
0.0659552
0.0649192
0.0638856
0.0628544
0.0618254
0.0607986
0.0597741
0.0587517
0.0577314
0.0567132
0.055697
0.0546827
0.0536704
0.05266
0.0516514
0.0506447
0.0496398
0.0486366
0.0476351
0.0466353
0.0456372
0.0446407
0.0436459
0.0426526
0.0416609
0.0406707
0.0396821
0.038695
0.0377094
0.0367254
0.0357428
0.0347618
0.0337823
0.0328043
0.0318278
0.0308529
0.0298796
0.0289078
0.0279376
0.0269691
0.0260021
0.0250368
0.0240732
0.0231112
0.0221509
0.0211922
0.0202352
0.0192799
0.0183262
0.0173741
0.0164237
0.0154748
0.0145274
0.0135815
0.0126371
0.011694
0.0107523
0.00981186
0.00887266
0.00793458
0.00699765
0.00606165
0.00512677
0.00419256
0.00325956
0.00232679
0.00139564
0.000463732
0.401993
0.40134
0.40007
0.398152
0.395632
0.392608
0.389192
0.385483
0.381568
0.377517
0.373389
0.369231
0.365081
0.360968
0.356912
0.352926
0.34902
0.345198
0.341463
0.337816
0.334255
0.330779
0.327386
0.324072
0.320835
0.317671
0.314577
0.31155
0.308587
0.305685
0.302841
0.300052
0.297315
0.294628
0.291989
0.289395
0.286845
0.284335
0.281864
0.279431
0.277033
0.27467
0.272339
0.270039
0.267768
0.265527
0.263312
0.261124
0.25896
0.256821
0.254705
0.252611
0.250539
0.248487
0.246456
0.244444
0.24245
0.240474
0.238516
0.236574
0.234649
0.23274
0.230846
0.228967
0.227102
0.225252
0.223415
0.221592
0.219782
0.217984
0.216199
0.214426
0.212665
0.210915
0.209176
0.207449
0.205732
0.204026
0.20233
0.200644
0.198969
0.197303
0.195646
0.193999
0.192362
0.190733
0.189113
0.187502
0.1859
0.184306
0.182721
0.181144
0.179575
0.178014
0.176461
0.174916
0.173379
0.171849
0.170328
0.168813
0.167306
0.165807
0.164314
0.162829
0.161351
0.159881
0.158417
0.156961
0.155512
0.154069
0.152634
0.151206
0.149784
0.14837
0.146962
0.145562
0.144168
0.142781
0.141401
0.140028
0.138662
0.137303
0.135951
0.134606
0.133268
0.131936
0.130612
0.129295
0.127984
0.126681
0.125384
0.124095
0.122812
0.121537
0.120268
0.119006
0.117752
0.116504
0.115263
0.114028
0.112801
0.11158
0.110365
0.109158
0.107956
0.106761
0.105573
0.10439
0.103214
0.102043
0.100878
0.0997195
0.0985662
0.0974184
0.096276
0.0951388
0.0940067
0.0928795
0.0917573
0.0906397
0.0895267
0.0884182
0.087314
0.086214
0.0851181
0.0840261
0.082938
0.0818537
0.080773
0.0796958
0.0786221
0.0775517
0.0764846
0.0754206
0.0743597
0.0733018
0.0722468
0.0711947
0.0701453
0.0690986
0.0680546
0.0670132
0.0659742
0.0649378
0.0639037
0.062872
0.0618426
0.0608155
0.0597906
0.0587678
0.0577472
0.0567286
0.055712
0.0546975
0.0536849
0.0526742
0.0516653
0.0506583
0.0496532
0.0486497
0.0476481
0.0466481
0.0456498
0.0446531
0.0436581
0.0426647
0.0416728
0.0406826
0.0396938
0.0387066
0.037721
0.0367368
0.0357542
0.0347731
0.0337936
0.0328155
0.031839
0.030864
0.0298906
0.0289188
0.0279485
0.0269799
0.0260128
0.0250474
0.0240836
0.0231214
0.0221609
0.0212021
0.0202448
0.0192892
0.0183353
0.0173829
0.0164321
0.0154829
0.0145351
0.0135889
0.0126441
0.0117006
0.0107585
0.00981764
0.00887801
0.0079395
0.00700211
0.00606568
0.0051303
0.00419564
0.00326206
0.00232881
0.00139689
0.000464549
0.398779
0.398207
0.397091
0.395401
0.393171
0.390475
0.387402
0.384034
0.380441
0.376686
0.372822
0.368896
0.364944
0.360995
0.357074
0.353197
0.349375
0.345618
0.341931
0.338317
0.334778
0.331315
0.327927
0.324612
0.321369
0.318196
0.315091
0.31205
0.309072
0.306154
0.303293
0.300488
0.297734
0.295031
0.292376
0.289767
0.287201
0.284676
0.282192
0.279745
0.277335
0.274959
0.272617
0.270306
0.268025
0.265773
0.263549
0.261352
0.25918
0.257033
0.25491
0.252809
0.25073
0.248672
0.246634
0.244616
0.242617
0.240637
0.238673
0.236727
0.234798
0.232884
0.230987
0.229104
0.227236
0.225382
0.223542
0.221716
0.219903
0.218102
0.216314
0.214539
0.212775
0.211023
0.209282
0.207552
0.205834
0.204126
0.202428
0.20074
0.199063
0.197395
0.195737
0.194089
0.192449
0.190819
0.189198
0.187586
0.185982
0.184387
0.182801
0.181223
0.179653
0.178091
0.176537
0.174991
0.173453
0.171922
0.170399
0.168884
0.167376
0.165876
0.164383
0.162897
0.161419
0.159948
0.158484
0.157027
0.155577
0.154134
0.152698
0.151269
0.149847
0.148433
0.147025
0.145624
0.14423
0.142842
0.141462
0.140089
0.138723
0.137363
0.136011
0.134665
0.133326
0.131995
0.13067
0.129352
0.128042
0.126738
0.125441
0.124151
0.122868
0.121592
0.120323
0.119061
0.117805
0.116557
0.115315
0.11408
0.112852
0.11163
0.110415
0.109207
0.108004
0.106809
0.105619
0.104436
0.103258
0.102087
0.100921
0.0997612
0.098607
0.0974582
0.0963147
0.0951765
0.0940434
0.0929153
0.091792
0.0906735
0.0895595
0.08845
0.0873449
0.086244
0.0851472
0.0840544
0.0829655
0.0818803
0.0807988
0.0797209
0.0786464
0.0775753
0.0765075
0.0754429
0.0743814
0.0733228
0.0722673
0.0712146
0.0701647
0.0691175
0.068073
0.0670311
0.0659917
0.0649548
0.0639203
0.0628882
0.0618585
0.060831
0.0598057
0.0587826
0.0577616
0.0567427
0.0557258
0.054711
0.0536981
0.0526871
0.0516781
0.0506708
0.0496654
0.0486618
0.0476599
0.0466597
0.0456612
0.0446644
0.0436693
0.0426757
0.0416837
0.0406933
0.0397045
0.0387172
0.0377315
0.0367473
0.0357646
0.0347835
0.0338039
0.0328258
0.0318493
0.0308742
0.0299008
0.0289289
0.0279586
0.0269899
0.0260228
0.0250573
0.0240934
0.0231311
0.0221704
0.0212114
0.020254
0.0192982
0.018344
0.0173914
0.0164403
0.0154908
0.0145427
0.0135962
0.012651
0.0117072
0.0107647
0.00982345
0.00888342
0.0079445
0.00700668
0.00606982
0.00513394
0.00419886
0.00326466
0.002331
0.00139823
0.000465577
0.396181
0.395668
0.394669
0.393152
0.391141
0.388698
0.385892
0.382792
0.379456
0.375942
0.372296
0.368562
0.364777
0.36097
0.357166
0.353384
0.349639
0.345941
0.342299
0.338717
0.335201
0.331751
0.32837
0.325057
0.321812
0.318633
0.315519
0.312468
0.309478
0.306547
0.303674
0.300854
0.298088
0.295371
0.292702
0.29008
0.287501
0.284965
0.282469
0.280011
0.27759
0.275204
0.272851
0.270531
0.268241
0.265981
0.26375
0.261545
0.259366
0.257212
0.255082
0.252976
0.250891
0.248828
0.246785
0.244762
0.242759
0.240774
0.238806
0.236857
0.234923
0.233007
0.231105
0.22922
0.227349
0.225492
0.223649
0.22182
0.220005
0.218202
0.216412
0.214634
0.212868
0.211114
0.209371
0.20764
0.205919
0.20421
0.20251
0.200821
0.199142
0.197473
0.195814
0.194164
0.192524
0.190892
0.18927
0.187657
0.186052
0.184456
0.182869
0.181289
0.179719
0.178156
0.176601
0.175054
0.173515
0.171984
0.170461
0.168945
0.167436
0.165935
0.164442
0.162955
0.161476
0.160005
0.15854
0.157083
0.155632
0.154189
0.152753
0.151324
0.149901
0.148486
0.147078
0.145676
0.144282
0.142895
0.141514
0.140141
0.138774
0.137414
0.136061
0.134716
0.133377
0.132045
0.13072
0.129402
0.128091
0.126787
0.125489
0.124199
0.122916
0.121639
0.12037
0.119107
0.117851
0.116602
0.11536
0.114125
0.112896
0.111674
0.110458
0.109249
0.108046
0.106849
0.105659
0.104475
0.103297
0.102124
0.100958
0.0997973
0.0986422
0.0974925
0.0963482
0.0952092
0.0940752
0.0929463
0.0918222
0.0907028
0.089588
0.0884777
0.0873718
0.0862701
0.0851726
0.084079
0.0829894
0.0819036
0.0808214
0.0797428
0.0786677
0.077596
0.0765276
0.0754624
0.0744003
0.0733413
0.0722852
0.0712321
0.0701817
0.0691341
0.0680891
0.0670468
0.066007
0.0649698
0.0639349
0.0629025
0.0618724
0.0608445
0.0598189
0.0587955
0.0577743
0.0567551
0.055738
0.0547229
0.0537097
0.0526985
0.0516892
0.0506818
0.0496762
0.0486723
0.0476703
0.0466699
0.0456713
0.0446743
0.043679
0.0426853
0.0416933
0.0407028
0.0397139
0.0387265
0.0377407
0.0367565
0.0357738
0.0347926
0.033813
0.0328348
0.0318583
0.0308833
0.0299098
0.0289379
0.0279676
0.0269988
0.0260316
0.0250661
0.0241021
0.0231397
0.022179
0.0212198
0.0202623
0.0193063
0.0183519
0.0173991
0.0164478
0.0154981
0.0145498
0.0136029
0.0126574
0.0117133
0.0107705
0.00982892
0.00888852
0.00794925
0.00701101
0.00607379
0.00513743
0.00420197
0.00326717
0.00233317
0.00139954
0.000466719
0.394132
0.393664
0.392751
0.391362
0.389517
0.387264
0.384662
0.381767
0.378633
0.375308
0.371836
0.368257
0.364608
0.360918
0.357212
0.353511
0.34983
0.346183
0.34258
0.339028
0.335532
0.332097
0.328723
0.325413
0.322167
0.318985
0.315865
0.312806
0.309808
0.306867
0.303983
0.301153
0.298375
0.295648
0.292969
0.290336
0.287747
0.285201
0.282695
0.280228
0.277798
0.275404
0.273043
0.270715
0.268419
0.266152
0.263913
0.261703
0.259518
0.257359
0.255224
0.253112
0.251023
0.248955
0.246908
0.244882
0.242874
0.240886
0.238915
0.236962
0.235026
0.233106
0.231202
0.229314
0.22744
0.225582
0.223737
0.221906
0.220088
0.218283
0.216491
0.214712
0.212944
0.211189
0.209444
0.207711
0.20599
0.204278
0.202578
0.200888
0.199207
0.197537
0.195877
0.194226
0.192584
0.190952
0.189329
0.187715
0.186109
0.184512
0.182924
0.181344
0.179772
0.178209
0.176654
0.175106
0.173566
0.172035
0.170511
0.168994
0.167485
0.165984
0.164489
0.163003
0.161523
0.160051
0.158586
0.157128
0.155678
0.154234
0.152798
0.151368
0.149945
0.14853
0.147121
0.14572
0.144325
0.142938
0.141557
0.140183
0.138816
0.137456
0.136103
0.134757
0.133418
0.132086
0.130761
0.129443
0.128131
0.126827
0.125529
0.124239
0.122955
0.121679
0.120409
0.119146
0.117889
0.11664
0.115397
0.114161
0.112932
0.111709
0.110493
0.109283
0.10808
0.106883
0.105692
0.104507
0.103328
0.102156
0.100988
0.0998271
0.0986713
0.097521
0.096376
0.0952363
0.0941016
0.092972
0.0918472
0.0907272
0.0896117
0.0885008
0.0873942
0.0862919
0.0851937
0.0840996
0.0830094
0.081923
0.0808402
0.0797611
0.0786855
0.0776133
0.0765444
0.0754788
0.0744162
0.0733568
0.0723003
0.0712467
0.070196
0.069148
0.0681027
0.06706
0.0660199
0.0649823
0.0639472
0.0629145
0.0618841
0.060856
0.0598301
0.0588064
0.0577849
0.0567655
0.0557482
0.0547329
0.0537195
0.0527081
0.0516986
0.050691
0.0496852
0.0486812
0.047679
0.0466785
0.0456797
0.0446827
0.0436872
0.0426935
0.0417013
0.0407107
0.0397217
0.0387343
0.0377485
0.0367642
0.0357814
0.0348002
0.0338206
0.0328424
0.0318659
0.0308908
0.0299174
0.0289454
0.0279751
0.0270063
0.0260391
0.0250735
0.0241095
0.0231471
0.0221863
0.021227
0.0202694
0.0193133
0.0183588
0.0174058
0.0164543
0.0155044
0.0145559
0.0136088
0.0126631
0.0117187
0.0107756
0.00983374
0.00889302
0.00795345
0.00701485
0.00607732
0.00514053
0.00420477
0.0032694
0.00233516
0.00140072
0.00046786
0.392583
0.392148
0.391297
0.390001
0.388275
0.386161
0.383708
0.380967
0.377983
0.374801
0.371461
0.368001
0.364457
0.360858
0.357229
0.353592
0.349964
0.346358
0.342788
0.33926
0.335782
0.332358
0.328992
0.325685
0.322439
0.319255
0.316131
0.313067
0.310062
0.307114
0.304222
0.301384
0.298598
0.295863
0.293175
0.290534
0.287938
0.285384
0.282871
0.280396
0.27796
0.275559
0.273192
0.270859
0.268556
0.266284
0.264041
0.261825
0.259636
0.257473
0.255334
0.253218
0.251125
0.249054
0.247004
0.244974
0.242964
0.240973
0.239
0.237044
0.235106
0.233184
0.231278
0.229387
0.227512
0.225651
0.223805
0.221972
0.220153
0.218346
0.216553
0.214772
0.213003
0.211246
0.209501
0.207767
0.206044
0.204332
0.20263
0.200939
0.199258
0.197587
0.195925
0.194274
0.192631
0.190998
0.189375
0.18776
0.186153
0.184556
0.182967
0.181386
0.179814
0.17825
0.176694
0.175146
0.173606
0.172074
0.170549
0.169032
0.167523
0.166021
0.164527
0.16304
0.16156
0.160087
0.158622
0.157164
0.155713
0.154269
0.152832
0.151403
0.14998
0.148564
0.147155
0.145754
0.144359
0.142971
0.14159
0.140216
0.138849
0.137489
0.136136
0.13479
0.13345
0.132118
0.130793
0.129474
0.128163
0.126858
0.12556
0.12427
0.122986
0.121709
0.120439
0.119176
0.117919
0.116669
0.115426
0.11419
0.11296
0.111737
0.110521
0.109311
0.108107
0.106909
0.105718
0.104532
0.103353
0.10218
0.101012
0.0998504
0.0986941
0.0975433
0.0963978
0.0952575
0.0941223
0.0929922
0.0918668
0.0907463
0.0896303
0.0885189
0.0874118
0.086309
0.0852104
0.0841158
0.0830251
0.0819382
0.0808551
0.0797756
0.0786995
0.0776269
0.0765577
0.0754917
0.0744288
0.073369
0.0723122
0.0712583
0.0702072
0.0691589
0.0681134
0.0670704
0.0660301
0.0649923
0.0639569
0.0629239
0.0618933
0.060865
0.0598389
0.0588151
0.0577934
0.0567738
0.0557563
0.0547408
0.0537273
0.0527157
0.0517061
0.0506983
0.0496924
0.0486882
0.0476859
0.0466853
0.0456864
0.0446892
0.0436937
0.0426999
0.0417076
0.040717
0.039728
0.0387405
0.0377546
0.0367703
0.0357875
0.0348063
0.0338266
0.0328485
0.0318719
0.0308968
0.0299234
0.0289514
0.0279811
0.0270123
0.0260451
0.0250795
0.0241154
0.023153
0.0221921
0.0212328
0.0202751
0.0193189
0.0183643
0.0174112
0.0164596
0.0155095
0.0145608
0.0136135
0.0126676
0.0117231
0.0107797
0.00983767
0.0088967
0.00795689
0.007018
0.00608022
0.00514307
0.00420709
0.00327124
0.00233683
0.0014017
0.000468887
0.3915
0.391087
0.390278
0.389045
0.3874
0.38538
0.38303
0.380394
0.377514
0.374431
0.371184
0.367809
0.36434
0.360806
0.357232
0.353641
0.350051
0.346476
0.342929
0.33942
0.335955
0.33254
0.32918
0.325876
0.322631
0.319446
0.316319
0.313252
0.310243
0.30729
0.304393
0.301549
0.298757
0.296016
0.293323
0.290676
0.288074
0.285514
0.282996
0.280517
0.278075
0.27567
0.273299
0.270961
0.268655
0.266379
0.264132
0.261913
0.259721
0.257554
0.255412
0.253294
0.251198
0.249125
0.247072
0.24504
0.243028
0.241035
0.23906
0.237103
0.235162
0.233239
0.231331
0.229439
0.227563
0.225701
0.223853
0.222019
0.220199
0.218391
0.216597
0.214815
0.213045
0.211288
0.209541
0.207806
0.206083
0.20437
0.202667
0.200976
0.199294
0.197622
0.19596
0.194308
0.192665
0.191031
0.189407
0.187792
0.186185
0.184587
0.182998
0.181417
0.179844
0.17828
0.176723
0.175175
0.173635
0.172102
0.170577
0.16906
0.16755
0.166048
0.164553
0.163066
0.161586
0.160113
0.158648
0.157189
0.155738
0.154294
0.152857
0.151427
0.150004
0.148589
0.14718
0.145778
0.144383
0.142995
0.141614
0.14024
0.138873
0.137512
0.136159
0.134813
0.133473
0.132141
0.130815
0.129497
0.128185
0.126881
0.125583
0.124292
0.123008
0.121731
0.12046
0.119197
0.11794
0.11669
0.115447
0.114211
0.112981
0.111757
0.11054
0.10933
0.108126
0.106928
0.105736
0.104551
0.103371
0.102197
0.101029
0.0998671
0.0987104
0.0975592
0.0964134
0.0952727
0.0941372
0.0930066
0.0918809
0.09076
0.0896437
0.0885319
0.0874245
0.0863213
0.0852223
0.0841274
0.0830364
0.0819492
0.0808658
0.0797859
0.0787096
0.0776368
0.0765672
0.0755009
0.0744378
0.0733778
0.0723207
0.0712666
0.0702153
0.0691669
0.0681211
0.067078
0.0660374
0.0649994
0.0639639
0.0629307
0.0619
0.0608715
0.0598453
0.0588213
0.0577995
0.0567797
0.0557621
0.0547465
0.0537329
0.0527212
0.0517114
0.0507036
0.0496975
0.0486933
0.0476909
0.0466902
0.0456913
0.044694
0.0436984
0.0427045
0.0417122
0.0407215
0.0397324
0.0387449
0.037759
0.0367747
0.0357919
0.0348106
0.0338309
0.0328528
0.0318762
0.0309012
0.0299277
0.0289558
0.0279854
0.0270166
0.0260494
0.0250838
0.0241197
0.0231572
0.0221963
0.021237
0.0202792
0.019323
0.0183683
0.0174151
0.0164634
0.0155132
0.0145644
0.013617
0.012671
0.0117263
0.0107828
0.00984056
0.00889941
0.00795944
0.00702033
0.00608238
0.00514496
0.00420881
0.00327261
0.00233809
0.00140242
0.0004697
0.39086
0.390459
0.389674
0.388478
0.38688
0.384914
0.382624
0.38005
0.377231
0.374207
0.371015
0.36769
0.364265
0.36077
0.35723
0.353667
0.3501
0.346544
0.343012
0.339514
0.336057
0.332648
0.329292
0.32599
0.322746
0.31956
0.316432
0.313363
0.310351
0.307395
0.304495
0.301648
0.298853
0.296108
0.293411
0.290761
0.288155
0.285593
0.283071
0.280589
0.278145
0.275737
0.273363
0.271022
0.268714
0.266436
0.264186
0.261965
0.259771
0.257603
0.255459
0.253339
0.251242
0.249167
0.247113
0.24508
0.243067
0.241072
0.239096
0.237138
0.235196
0.233272
0.231364
0.229471
0.227593
0.22573
0.223882
0.222047
0.220226
0.218418
0.216623
0.214841
0.213071
0.211312
0.209566
0.20783
0.206106
0.204393
0.20269
0.200997
0.199315
0.197643
0.195981
0.194328
0.192685
0.191051
0.189427
0.187811
0.186204
0.184606
0.183016
0.181435
0.179862
0.178297
0.176741
0.175192
0.173652
0.172119
0.170594
0.169076
0.167566
0.166064
0.164569
0.163082
0.161602
0.160129
0.158663
0.157205
0.155753
0.154309
0.152872
0.151442
0.150019
0.148603
0.147194
0.145792
0.144397
0.143009
0.141628
0.140254
0.138887
0.137526
0.136173
0.134827
0.133487
0.132155
0.130829
0.12951
0.128199
0.126894
0.125596
0.124305
0.123021
0.121744
0.120473
0.11921
0.117953
0.116703
0.11546
0.114223
0.112993
0.111769
0.110552
0.109342
0.108137
0.106939
0.105747
0.104561
0.103382
0.102208
0.10104
0.0998772
0.0987203
0.0975688
0.0964227
0.0952819
0.0941461
0.0930153
0.0918894
0.0907683
0.0896517
0.0885397
0.0874321
0.0863287
0.0852295
0.0841344
0.0830432
0.0819558
0.0808722
0.0797922
0.0787157
0.0776427
0.076573
0.0755065
0.0744433
0.0733831
0.0723259
0.0712716
0.0702202
0.0691716
0.0681257
0.0670825
0.0660419
0.0650037
0.0639681
0.0629349
0.061904
0.0608755
0.0598492
0.0588251
0.0578031
0.0567834
0.0557656
0.0547499
0.0537362
0.0527245
0.0517147
0.0507068
0.0497007
0.0486964
0.0476939
0.0466932
0.0456942
0.0446969
0.0437013
0.0427073
0.041715
0.0407243
0.0397352
0.0387476
0.0377617
0.0367773
0.0357945
0.0348133
0.0338336
0.0328554
0.0318788
0.0309038
0.0299303
0.0289584
0.027988
0.0270193
0.026052
0.0250864
0.0241223
0.0231598
0.0221989
0.0212395
0.0202817
0.0193254
0.0183707
0.0174175
0.0164657
0.0155155
0.0145666
0.0136192
0.012673
0.0117282
0.0107847
0.00984233
0.00890107
0.00796099
0.00702175
0.00608369
0.00514611
0.00420987
0.00327344
0.00233887
0.00140287
0.00047022
0.390648
0.390251
0.389474
0.38829
0.386707
0.38476
0.382489
0.379935
0.377137
0.374132
0.370958
0.367649
0.36424
0.360758
0.357229
0.353675
0.350116
0.346566
0.343039
0.339545
0.336091
0.332684
0.329329
0.326028
0.322784
0.319597
0.316469
0.313399
0.310387
0.30743
0.304529
0.301681
0.298884
0.296138
0.293441
0.290789
0.288183
0.285619
0.283096
0.280613
0.278168
0.275759
0.273384
0.271043
0.268733
0.266454
0.264205
0.261983
0.259788
0.257619
0.255475
0.253354
0.251257
0.249181
0.247127
0.245093
0.243079
0.241084
0.239108
0.237149
0.235208
0.233283
0.231374
0.229481
0.227603
0.22574
0.223892
0.222057
0.220236
0.218427
0.216632
0.21485
0.213079
0.21132
0.209574
0.207838
0.206114
0.2044
0.202697
0.201005
0.199323
0.19765
0.195988
0.194335
0.192692
0.191058
0.189433
0.187817
0.18621
0.184612
0.183022
0.181441
0.179868
0.178303
0.176746
0.175198
0.173657
0.172124
0.170599
0.169082
0.167572
0.166069
0.164575
0.163087
0.161607
0.160134
0.158668
0.15721
0.155758
0.154314
0.152877
0.151447
0.150024
0.148608
0.147199
0.145797
0.144402
0.143014
0.141633
0.140259
0.138891
0.137531
0.136178
0.134831
0.133492
0.132159
0.130834
0.129515
0.128203
0.126898
0.1256
0.124309
0.123025
0.121748
0.120478
0.119214
0.117957
0.116707
0.115464
0.114227
0.112997
0.111773
0.110556
0.109345
0.108141
0.106943
0.105751
0.104565
0.103385
0.102211
0.101043
0.0998805
0.0987235
0.097572
0.0964259
0.0952849
0.0941491
0.0930182
0.0918923
0.090771
0.0896544
0.0885423
0.0874346
0.0863312
0.085232
0.0841367
0.0830455
0.0819581
0.0808744
0.0797943
0.0787178
0.0776447
0.0765749
0.0755084
0.0744451
0.0733849
0.0723276
0.0712733
0.0702219
0.0691733
0.0681273
0.067084
0.0660434
0.0650052
0.0639695
0.0629363
0.0619054
0.0608768
0.0598505
0.0588263
0.0578044
0.0567846
0.0557668
0.0547511
0.0537374
0.0527256
0.0517158
0.0507078
0.0497017
0.0486974
0.0476949
0.0466942
0.0456952
0.0446979
0.0437022
0.0427082
0.0417159
0.0407252
0.0397361
0.0387485
0.0377626
0.0367782
0.0357954
0.0348142
0.0338345
0.0328563
0.0318797
0.0309047
0.0299312
0.0289593
0.0279889
0.0270201
0.0260529
0.0250873
0.0241232
0.0231607
0.0221997
0.0212404
0.0202825
0.0193263
0.0183715
0.0174183
0.0164665
0.0155162
0.0145673
0.0136199
0.0126737
0.0117289
0.0107853
0.00984292
0.00890162
0.00796151
0.00702223
0.00608414
0.0051465
0.00421022
0.00327372
0.00233914
0.00140302
0.000470401
0.39086
0.390459
0.389674
0.388478
0.38688
0.384914
0.382624
0.38005
0.377231
0.374207
0.371015
0.36769
0.364265
0.36077
0.35723
0.353667
0.3501
0.346544
0.343012
0.339514
0.336057
0.332648
0.329292
0.32599
0.322746
0.31956
0.316432
0.313363
0.310351
0.307395
0.304495
0.301648
0.298853
0.296108
0.293411
0.290761
0.288155
0.285593
0.283071
0.280589
0.278145
0.275737
0.273363
0.271022
0.268714
0.266436
0.264186
0.261965
0.259771
0.257603
0.255459
0.253339
0.251242
0.249167
0.247113
0.24508
0.243067
0.241072
0.239096
0.237138
0.235196
0.233272
0.231364
0.229471
0.227593
0.22573
0.223882
0.222047
0.220226
0.218418
0.216623
0.214841
0.213071
0.211312
0.209566
0.20783
0.206106
0.204392
0.20269
0.200997
0.199315
0.197643
0.195981
0.194328
0.192685
0.191051
0.189426
0.187811
0.186204
0.184606
0.183016
0.181435
0.179862
0.178297
0.176741
0.175192
0.173651
0.172119
0.170594
0.169076
0.167566
0.166064
0.164569
0.163082
0.161602
0.160129
0.158663
0.157205
0.155753
0.154309
0.152872
0.151442
0.150019
0.148603
0.147194
0.145792
0.144397
0.143009
0.141628
0.140254
0.138887
0.137526
0.136173
0.134827
0.133487
0.132155
0.130829
0.12951
0.128199
0.126894
0.125596
0.124305
0.123021
0.121744
0.120473
0.11921
0.117953
0.116703
0.11546
0.114223
0.112993
0.111769
0.110552
0.109342
0.108137
0.106939
0.105747
0.104561
0.103382
0.102208
0.10104
0.0998772
0.0987203
0.0975689
0.0964228
0.0952819
0.0941461
0.0930154
0.0918895
0.0907683
0.0896518
0.0885398
0.0874321
0.0863288
0.0852296
0.0841344
0.0830432
0.0819559
0.0808723
0.0797922
0.0787158
0.0776427
0.076573
0.0755066
0.0744433
0.0733831
0.0723259
0.0712717
0.0702203
0.0691717
0.0681258
0.0670826
0.0660419
0.0650038
0.0639682
0.0629349
0.0619041
0.0608755
0.0598492
0.0588251
0.0578032
0.0567834
0.0557657
0.05475
0.0537363
0.0527245
0.0517147
0.0507068
0.0497007
0.0486964
0.0476939
0.0466932
0.0456942
0.0446969
0.0437013
0.0427073
0.041715
0.0407243
0.0397352
0.0387477
0.0377617
0.0367773
0.0357945
0.0348133
0.0338336
0.0328554
0.0318788
0.0309038
0.0299303
0.0289584
0.027988
0.0270192
0.026052
0.0250864
0.0241223
0.0231598
0.0221989
0.0212395
0.0202817
0.0193254
0.0183707
0.0174175
0.0164657
0.0155154
0.0145666
0.0136191
0.012673
0.0117282
0.0107846
0.00984232
0.00890106
0.00796098
0.00702175
0.00608369
0.00514611
0.00420987
0.00327344
0.00233887
0.00140287
0.000470225
0.3915
0.391087
0.390278
0.389045
0.3874
0.38538
0.38303
0.380394
0.377514
0.374431
0.371184
0.367809
0.36434
0.360806
0.357232
0.353641
0.350051
0.346476
0.342929
0.33942
0.335955
0.33254
0.32918
0.325876
0.322631
0.319446
0.316319
0.313252
0.310243
0.30729
0.304393
0.301549
0.298757
0.296016
0.293323
0.290676
0.288074
0.285514
0.282996
0.280517
0.278075
0.27567
0.273299
0.270961
0.268655
0.266379
0.264132
0.261913
0.259721
0.257554
0.255412
0.253294
0.251198
0.249125
0.247072
0.24504
0.243028
0.241035
0.23906
0.237102
0.235162
0.233239
0.231331
0.229439
0.227563
0.225701
0.223853
0.222019
0.220199
0.218391
0.216597
0.214815
0.213045
0.211288
0.209541
0.207806
0.206083
0.20437
0.202667
0.200975
0.199294
0.197622
0.19596
0.194308
0.192665
0.191031
0.189407
0.187792
0.186185
0.184587
0.182998
0.181417
0.179844
0.17828
0.176723
0.175175
0.173634
0.172102
0.170577
0.16906
0.16755
0.166048
0.164553
0.163066
0.161586
0.160113
0.158648
0.157189
0.155738
0.154294
0.152857
0.151427
0.150004
0.148588
0.14718
0.145778
0.144383
0.142995
0.141614
0.14024
0.138872
0.137512
0.136159
0.134813
0.133473
0.132141
0.130815
0.129497
0.128185
0.12688
0.125583
0.124292
0.123008
0.121731
0.12046
0.119197
0.11794
0.11669
0.115447
0.114211
0.112981
0.111757
0.11054
0.10933
0.108126
0.106928
0.105736
0.104551
0.103371
0.102197
0.101029
0.0998672
0.0987105
0.0975593
0.0964134
0.0952728
0.0941373
0.0930067
0.091881
0.0907601
0.0896438
0.088532
0.0874246
0.0863214
0.0852224
0.0841275
0.0830365
0.0819493
0.0808659
0.079786
0.0787097
0.0776369
0.0765673
0.075501
0.0744379
0.0733779
0.0723208
0.0712667
0.0702154
0.069167
0.0681212
0.0670781
0.0660375
0.0649995
0.063964
0.0629308
0.0619001
0.0608716
0.0598454
0.0588214
0.0577995
0.0567798
0.0557622
0.0547466
0.0537329
0.0527213
0.0517115
0.0507036
0.0496976
0.0486934
0.0476909
0.0466903
0.0456913
0.044694
0.0436985
0.0427045
0.0417122
0.0407215
0.0397325
0.038745
0.037759
0.0367747
0.0357919
0.0348106
0.0338309
0.0328528
0.0318762
0.0309012
0.0299277
0.0289558
0.0279854
0.0270166
0.0260494
0.0250837
0.0241197
0.0231572
0.0221963
0.0212369
0.0202792
0.0193229
0.0183682
0.0174151
0.0164634
0.0155132
0.0145644
0.013617
0.012671
0.0117262
0.0107828
0.00984054
0.0088994
0.00795942
0.00702032
0.00608237
0.00514495
0.00420881
0.0032726
0.0023381
0.00140243
0.00046971
0.392583
0.392148
0.391297
0.390001
0.388275
0.386161
0.383708
0.380967
0.377983
0.374801
0.371461
0.368001
0.364457
0.360858
0.357229
0.353592
0.349964
0.346358
0.342788
0.33926
0.335782
0.332358
0.328992
0.325685
0.322439
0.319255
0.316131
0.313067
0.310062
0.307114
0.304222
0.301384
0.298598
0.295863
0.293175
0.290534
0.287938
0.285384
0.282871
0.280396
0.27796
0.275559
0.273192
0.270859
0.268556
0.266284
0.264041
0.261825
0.259636
0.257473
0.255334
0.253218
0.251125
0.249054
0.247004
0.244974
0.242964
0.240973
0.239
0.237044
0.235106
0.233184
0.231278
0.229387
0.227512
0.225651
0.223805
0.221972
0.220153
0.218346
0.216553
0.214772
0.213003
0.211246
0.209501
0.207767
0.206044
0.204332
0.20263
0.200939
0.199258
0.197587
0.195925
0.194274
0.192631
0.190998
0.189374
0.187759
0.186153
0.184556
0.182967
0.181386
0.179814
0.17825
0.176694
0.175146
0.173606
0.172074
0.170549
0.169032
0.167523
0.166021
0.164527
0.16304
0.16156
0.160087
0.158622
0.157164
0.155713
0.154269
0.152832
0.151403
0.14998
0.148564
0.147155
0.145754
0.144359
0.142971
0.14159
0.140216
0.138849
0.137489
0.136136
0.13479
0.13345
0.132118
0.130793
0.129474
0.128163
0.126858
0.12556
0.12427
0.122986
0.121709
0.120439
0.119176
0.117919
0.116669
0.115426
0.11419
0.11296
0.111737
0.110521
0.109311
0.108107
0.106909
0.105718
0.104533
0.103353
0.10218
0.101012
0.0998505
0.0986942
0.0975434
0.0963979
0.0952576
0.0941224
0.0929923
0.091867
0.0907464
0.0896305
0.088519
0.087412
0.0863092
0.0852105
0.0841159
0.0830252
0.0819384
0.0808553
0.0797757
0.0786997
0.0776271
0.0765578
0.0754918
0.0744289
0.0733691
0.0723123
0.0712584
0.0702074
0.0691591
0.0681135
0.0670706
0.0660302
0.0649924
0.063957
0.0629241
0.0618934
0.0608651
0.0598391
0.0588152
0.0577935
0.0567739
0.0557564
0.0547409
0.0537274
0.0527158
0.0517062
0.0506984
0.0496925
0.0486883
0.047686
0.0466854
0.0456865
0.0446893
0.0436938
0.0426999
0.0417077
0.040717
0.039728
0.0387405
0.0377546
0.0367703
0.0357875
0.0348063
0.0338266
0.0328484
0.0318719
0.0308968
0.0299233
0.0289514
0.0279811
0.0270123
0.0260451
0.0250794
0.0241154
0.0231529
0.022192
0.0212327
0.020275
0.0193188
0.0183642
0.0174111
0.0164595
0.0155094
0.0145607
0.0136135
0.0126676
0.011723
0.0107797
0.00983764
0.00889667
0.00795687
0.00701799
0.00608021
0.00514307
0.00420708
0.00327124
0.00233684
0.0014017
0.000468904
0.394132
0.393664
0.392751
0.391362
0.389517
0.387264
0.384662
0.381767
0.378633
0.375308
0.371836
0.368257
0.364608
0.360918
0.357212
0.353511
0.34983
0.346183
0.34258
0.339028
0.335532
0.332097
0.328723
0.325413
0.322167
0.318985
0.315865
0.312806
0.309808
0.306867
0.303983
0.301153
0.298375
0.295648
0.292969
0.290336
0.287747
0.285201
0.282695
0.280228
0.277798
0.275404
0.273043
0.270715
0.268419
0.266152
0.263913
0.261703
0.259518
0.257359
0.255224
0.253112
0.251023
0.248955
0.246908
0.244882
0.242874
0.240886
0.238915
0.236962
0.235026
0.233106
0.231202
0.229314
0.22744
0.225581
0.223737
0.221906
0.220088
0.218283
0.216491
0.214712
0.212944
0.211189
0.209444
0.207711
0.205989
0.204278
0.202578
0.200887
0.199207
0.197537
0.195877
0.194226
0.192584
0.190952
0.189329
0.187715
0.186109
0.184512
0.182924
0.181344
0.179772
0.178209
0.176653
0.175106
0.173566
0.172035
0.17051
0.168994
0.167485
0.165983
0.164489
0.163003
0.161523
0.160051
0.158586
0.157128
0.155678
0.154234
0.152797
0.151368
0.149945
0.14853
0.147121
0.14572
0.144325
0.142937
0.141557
0.140183
0.138816
0.137456
0.136103
0.134757
0.133418
0.132086
0.130761
0.129442
0.128131
0.126827
0.125529
0.124239
0.122955
0.121678
0.120409
0.119146
0.117889
0.11664
0.115397
0.114161
0.112932
0.111709
0.110493
0.109283
0.10808
0.106883
0.105692
0.104507
0.103328
0.102156
0.100989
0.0998272
0.0986714
0.0975211
0.0963761
0.0952364
0.0941018
0.0929721
0.0918474
0.0907273
0.0896119
0.088501
0.0873944
0.0862921
0.0851939
0.0840998
0.0830096
0.0819232
0.0808405
0.0797614
0.0786857
0.0776135
0.0765447
0.075479
0.0744165
0.073357
0.0723005
0.0712469
0.0701962
0.0691482
0.0681029
0.0670602
0.0660201
0.0649825
0.0639474
0.0629146
0.0618842
0.0608561
0.0598303
0.0588066
0.0577851
0.0567657
0.0557483
0.054733
0.0537197
0.0527083
0.0516987
0.0506911
0.0496853
0.0486813
0.0476791
0.0466786
0.0456798
0.0446827
0.0436873
0.0426935
0.0417013
0.0407108
0.0397218
0.0387344
0.0377485
0.0367642
0.0357814
0.0348002
0.0338206
0.0328424
0.0318658
0.0308908
0.0299173
0.0289454
0.0279751
0.0270063
0.0260391
0.0250735
0.0241095
0.023147
0.0221862
0.021227
0.0202693
0.0193132
0.0183587
0.0174057
0.0164543
0.0155043
0.0145558
0.0136087
0.012663
0.0117186
0.0107755
0.0098337
0.00889299
0.00795342
0.00701483
0.0060773
0.00514052
0.00420477
0.0032694
0.00233517
0.00140073
0.000467884
0.396181
0.395668
0.394669
0.393152
0.391141
0.388698
0.385892
0.382792
0.379456
0.375942
0.372296
0.368562
0.364777
0.36097
0.357166
0.353384
0.349639
0.345941
0.342298
0.338717
0.335201
0.331751
0.32837
0.325057
0.321812
0.318633
0.315519
0.312468
0.309478
0.306547
0.303674
0.300854
0.298088
0.295371
0.292702
0.29008
0.287501
0.284965
0.282469
0.280011
0.27759
0.275204
0.272851
0.270531
0.268241
0.265981
0.26375
0.261545
0.259366
0.257212
0.255082
0.252976
0.250891
0.248828
0.246785
0.244762
0.242759
0.240774
0.238806
0.236857
0.234923
0.233006
0.231105
0.229219
0.227348
0.225492
0.223649
0.22182
0.220005
0.218202
0.216412
0.214634
0.212868
0.211114
0.209371
0.20764
0.205919
0.20421
0.20251
0.200821
0.199142
0.197473
0.195814
0.194164
0.192524
0.190892
0.18927
0.187657
0.186052
0.184456
0.182869
0.181289
0.179718
0.178156
0.176601
0.175054
0.173515
0.171984
0.17046
0.168944
0.167436
0.165935
0.164441
0.162955
0.161476
0.160004
0.15854
0.157082
0.155632
0.154189
0.152753
0.151323
0.149901
0.148486
0.147078
0.145676
0.144282
0.142895
0.141514
0.14014
0.138774
0.137414
0.136061
0.134716
0.133377
0.132045
0.13072
0.129402
0.128091
0.126787
0.125489
0.124199
0.122916
0.121639
0.12037
0.119107
0.117851
0.116602
0.11536
0.114125
0.112896
0.111674
0.110458
0.109249
0.108046
0.106849
0.105659
0.104475
0.103297
0.102124
0.100958
0.0997974
0.0986423
0.0974927
0.0963484
0.0952094
0.0940754
0.0929465
0.0918224
0.090703
0.0895882
0.088478
0.0873721
0.0862704
0.0851728
0.0840793
0.0829897
0.0819038
0.0808217
0.0797431
0.078668
0.0775963
0.0765279
0.0754627
0.0744006
0.0733416
0.0722855
0.0712323
0.070182
0.0691343
0.0680894
0.0670471
0.0660073
0.06497
0.0639352
0.0629027
0.0618726
0.0608448
0.0598192
0.0587957
0.0577745
0.0567553
0.0557382
0.054723
0.0537099
0.0526987
0.0516894
0.0506819
0.0496763
0.0486725
0.0476704
0.04667
0.0456714
0.0446744
0.0436791
0.0426854
0.0416933
0.0407028
0.0397139
0.0387266
0.0377408
0.0367565
0.0357738
0.0347926
0.0338129
0.0328348
0.0318583
0.0308832
0.0299098
0.0289378
0.0279675
0.0269987
0.0260316
0.025066
0.024102
0.0231397
0.0221789
0.0212197
0.0202622
0.0193062
0.0183519
0.017399
0.0164478
0.015498
0.0145497
0.0136028
0.0126574
0.0117133
0.0107704
0.00982887
0.00888848
0.00794922
0.00701099
0.00607377
0.00513742
0.00420197
0.00326717
0.00233319
0.00139955
0.000466749
0.398779
0.398207
0.397091
0.395401
0.393171
0.390475
0.387402
0.384034
0.380441
0.376686
0.372822
0.368896
0.364944
0.360995
0.357074
0.353197
0.349375
0.345618
0.341931
0.338317
0.334778
0.331315
0.327927
0.324612
0.321369
0.318196
0.315091
0.31205
0.309072
0.306154
0.303293
0.300488
0.297734
0.295031
0.292376
0.289767
0.287201
0.284676
0.282192
0.279745
0.277335
0.274959
0.272616
0.270305
0.268025
0.265773
0.263549
0.261352
0.25918
0.257033
0.25491
0.252809
0.25073
0.248672
0.246634
0.244616
0.242617
0.240636
0.238673
0.236727
0.234798
0.232884
0.230987
0.229104
0.227236
0.225382
0.223542
0.221716
0.219903
0.218102
0.216314
0.214539
0.212775
0.211023
0.209282
0.207552
0.205834
0.204125
0.202428
0.20074
0.199063
0.197395
0.195737
0.194089
0.192449
0.190819
0.189198
0.187586
0.185982
0.184387
0.182801
0.181223
0.179653
0.178091
0.176537
0.174991
0.173453
0.171922
0.170399
0.168884
0.167376
0.165876
0.164383
0.162897
0.161419
0.159948
0.158483
0.157026
0.155577
0.154134
0.152698
0.151269
0.149847
0.148432
0.147024
0.145623
0.144229
0.142842
0.141462
0.140089
0.138722
0.137363
0.13601
0.134665
0.133326
0.131995
0.13067
0.129352
0.128041
0.126738
0.125441
0.124151
0.122868
0.121592
0.120323
0.119061
0.117805
0.116557
0.115315
0.11408
0.112852
0.11163
0.110415
0.109207
0.108004
0.106809
0.105619
0.104436
0.103258
0.102087
0.100921
0.0997614
0.0986071
0.0974583
0.0963149
0.0951767
0.0940436
0.0929155
0.0917922
0.0906737
0.0895598
0.0884503
0.0873452
0.0862443
0.0851475
0.0840547
0.0829658
0.0818806
0.0807992
0.0797212
0.0786468
0.0775757
0.0765079
0.0754432
0.0743817
0.0733232
0.0722676
0.0712149
0.070165
0.0691178
0.0680733
0.0670314
0.065992
0.0649551
0.0639206
0.0628885
0.0618587
0.0608312
0.0598059
0.0587828
0.0577618
0.0567429
0.0557261
0.0547112
0.0536983
0.0526873
0.0516782
0.050671
0.0496656
0.0486619
0.04766
0.0466598
0.0456614
0.0446645
0.0436694
0.0426758
0.0416838
0.0406934
0.0397046
0.0387173
0.0377315
0.0367473
0.0357647
0.0347835
0.0338039
0.0328258
0.0318492
0.0308742
0.0299008
0.0289289
0.0279585
0.0269898
0.0260227
0.0250572
0.0240933
0.023131
0.0221703
0.0212113
0.0202539
0.0192981
0.0183439
0.0173913
0.0164402
0.0154907
0.0145426
0.0135961
0.0126509
0.0117071
0.0107646
0.0098234
0.00888337
0.00794447
0.00700665
0.00606981
0.00513394
0.00419886
0.00326467
0.00233102
0.00139825
0.000465615
0.401993
0.40134
0.40007
0.398152
0.395632
0.392608
0.389192
0.385483
0.381568
0.377517
0.373389
0.369231
0.365081
0.360968
0.356912
0.352926
0.34902
0.345198
0.341463
0.337816
0.334255
0.330779
0.327386
0.324072
0.320835
0.317671
0.314577
0.31155
0.308587
0.305685
0.302841
0.300051
0.297315
0.294628
0.291989
0.289395
0.286845
0.284335
0.281864
0.279431
0.277033
0.27467
0.272339
0.270039
0.267768
0.265527
0.263312
0.261124
0.25896
0.256821
0.254705
0.252611
0.250539
0.248487
0.246456
0.244443
0.24245
0.240474
0.238516
0.236574
0.234649
0.23274
0.230846
0.228967
0.227102
0.225252
0.223415
0.221592
0.219782
0.217984
0.216199
0.214426
0.212664
0.210915
0.209176
0.207449
0.205732
0.204026
0.20233
0.200644
0.198969
0.197303
0.195646
0.193999
0.192361
0.190733
0.189113
0.187502
0.1859
0.184306
0.182721
0.181144
0.179575
0.178014
0.176461
0.174916
0.173379
0.171849
0.170327
0.168813
0.167306
0.165806
0.164314
0.162829
0.161351
0.159881
0.158417
0.156961
0.155511
0.154069
0.152634
0.151206
0.149784
0.14837
0.146962
0.145562
0.144168
0.142781
0.141401
0.140028
0.138662
0.137303
0.135951
0.134606
0.133267
0.131936
0.130612
0.129294
0.127984
0.126681
0.125384
0.124095
0.122812
0.121537
0.120268
0.119006
0.117752
0.116504
0.115263
0.114028
0.112801
0.11158
0.110365
0.109158
0.107956
0.106761
0.105573
0.10439
0.103214
0.102043
0.100879
0.0997197
0.0985664
0.0974186
0.0962762
0.095139
0.0940069
0.0928798
0.0917576
0.09064
0.089527
0.0884185
0.0873143
0.0862143
0.0851184
0.0840265
0.0829384
0.0818541
0.0807734
0.0796962
0.0786225
0.0775521
0.076485
0.075421
0.0743601
0.0733022
0.0722472
0.0711951
0.0701457
0.069099
0.068055
0.0670135
0.0659746
0.0649381
0.0639041
0.0628724
0.061843
0.0608158
0.0597909
0.0587681
0.0577474
0.0567288
0.0557123
0.0546977
0.0536851
0.0526744
0.0516655
0.0506585
0.0496533
0.0486499
0.0476482
0.0466482
0.0456499
0.0446533
0.0436582
0.0426648
0.0416729
0.0406826
0.0396939
0.0387067
0.037721
0.0367369
0.0357542
0.0347731
0.0337935
0.0328155
0.031839
0.030864
0.0298906
0.0289187
0.0279484
0.0269798
0.0260127
0.0250473
0.0240835
0.0231213
0.0221608
0.0212019
0.0202447
0.0192891
0.0183351
0.0173828
0.016432
0.0154828
0.014535
0.0135888
0.012644
0.0117005
0.0107584
0.00981758
0.00887796
0.00793947
0.00700209
0.00606567
0.0051303
0.00419565
0.00326208
0.00232884
0.00139692
0.000464593
0.40591
0.40515
0.403675
0.401455
0.398556
0.395109
0.391255
0.387122
0.382811
0.378403
0.37396
0.369532
0.365155
0.360855
0.35665
0.352547
0.34855
0.344662
0.340879
0.3372
0.333619
0.330134
0.326739
0.32343
0.320203
0.317052
0.313974
0.310965
0.308021
0.305138
0.302314
0.299545
0.296828
0.294161
0.291541
0.288965
0.286432
0.28394
0.281485
0.279068
0.276685
0.274335
0.272018
0.26973
0.267472
0.265242
0.263038
0.26086
0.258706
0.256576
0.254468
0.252383
0.250318
0.248274
0.246249
0.244244
0.242256
0.240286
0.238333
0.236397
0.234477
0.232573
0.230683
0.228808
0.226948
0.225102
0.223269
0.221449
0.219642
0.217848
0.216066
0.214295
0.212537
0.21079
0.209054
0.207329
0.205615
0.203911
0.202217
0.200534
0.19886
0.197196
0.195542
0.193896
0.19226
0.190634
0.189015
0.187406
0.185805
0.184213
0.182629
0.181053
0.179486
0.177926
0.176375
0.174831
0.173295
0.171766
0.170245
0.168732
0.167226
0.165727
0.164236
0.162751
0.161274
0.159805
0.158342
0.156886
0.155437
0.153996
0.152561
0.151133
0.149712
0.148298
0.146891
0.145491
0.144098
0.142712
0.141332
0.13996
0.138594
0.137235
0.135884
0.134539
0.133201
0.13187
0.130546
0.129229
0.127919
0.126616
0.12532
0.124031
0.122749
0.121474
0.120206
0.118945
0.117691
0.116444
0.115203
0.11397
0.112743
0.111523
0.11031
0.109103
0.107902
0.106708
0.105521
0.104339
0.103164
0.101995
0.100831
0.0996733
0.0985211
0.0973745
0.0962332
0.0950972
0.0939662
0.0928403
0.0917191
0.0906027
0.0894908
0.0883833
0.0872802
0.0861813
0.0850864
0.0839954
0.0829083
0.0818249
0.0807451
0.0796688
0.0785959
0.0775263
0.0764599
0.0753967
0.0743365
0.0732792
0.0722249
0.0711733
0.0701246
0.0690784
0.068035
0.066994
0.0659556
0.0649196
0.063886
0.0628547
0.0618257
0.060799
0.0597744
0.058752
0.0577317
0.0567135
0.0556972
0.054683
0.0536707
0.0526602
0.0516517
0.0506449
0.04964
0.0486368
0.0476353
0.0466355
0.0456374
0.0446409
0.043646
0.0426527
0.041661
0.0406708
0.0396822
0.0386951
0.0377095
0.0367254
0.0357428
0.0347618
0.0337822
0.0328042
0.0318278
0.0308528
0.0298795
0.0289077
0.0279375
0.026969
0.026002
0.0250367
0.0240731
0.0231111
0.0221507
0.0211921
0.0202351
0.0192798
0.0183261
0.017374
0.0164235
0.0154746
0.0145273
0.0135814
0.012637
0.0116939
0.0107522
0.00981181
0.00887262
0.00793455
0.00699763
0.00606165
0.00512677
0.00419258
0.00325958
0.00232682
0.00139566
0.000463781
0.410646
0.409744
0.407996
0.405375
0.40198
0.397986
0.39358
0.388922
0.384133
0.379301
0.374491
0.369753
0.365122
0.360619
0.356253
0.352028
0.347941
0.343987
0.340159
0.336452
0.332858
0.329369
0.325978
0.32268
0.319467
0.316335
0.313277
0.310291
0.30737
0.304511
0.301711
0.298966
0.296272
0.293628
0.29103
0.288476
0.285963
0.28349
0.281055
0.278655
0.276289
0.273956
0.271653
0.26938
0.267136
0.264918
0.262727
0.26056
0.258417
0.256297
0.2542
0.252124
0.250068
0.248032
0.246015
0.244017
0.242036
0.240073
0.238127
0.236196
0.234282
0.232383
0.230499
0.228629
0.226773
0.224931
0.223103
0.221287
0.219484
0.217694
0.215915
0.214148
0.212393
0.210649
0.208916
0.207194
0.205483
0.203781
0.20209
0.200409
0.198738
0.197076
0.195424
0.193781
0.192147
0.190522
0.188906
0.187299
0.1857
0.184109
0.182527
0.180953
0.179386
0.177828
0.176278
0.174736
0.173201
0.171673
0.170154
0.168641
0.167137
0.165639
0.164149
0.162665
0.161189
0.15972
0.158258
0.156804
0.155356
0.153915
0.152481
0.151054
0.149633
0.14822
0.146814
0.145414
0.144021
0.142636
0.141257
0.139885
0.13852
0.137161
0.13581
0.134466
0.133128
0.131798
0.130474
0.129158
0.127848
0.126546
0.12525
0.123962
0.122681
0.121406
0.120139
0.118879
0.117625
0.116379
0.115139
0.113907
0.112681
0.111462
0.110249
0.109043
0.107844
0.106651
0.105465
0.104284
0.10311
0.101942
0.10078
0.0996234
0.0984725
0.0973272
0.0961872
0.0950524
0.0939228
0.0927981
0.0916782
0.0905629
0.0894523
0.088346
0.0872441
0.0861462
0.0850524
0.0839626
0.0828765
0.0817941
0.0807152
0.0796399
0.0785678
0.0774991
0.0764336
0.0753711
0.0743116
0.0732551
0.0722015
0.0711506
0.0701024
0.0690569
0.068014
0.0669736
0.0659357
0.0649002
0.0638671
0.0628363
0.0618077
0.0607814
0.0597572
0.0587352
0.0577153
0.0566974
0.0556815
0.0546675
0.0536555
0.0526454
0.0516371
0.0506306
0.0496259
0.0486229
0.0476217
0.0466221
0.0456241
0.0446278
0.0436331
0.04264
0.0416484
0.0406583
0.0396698
0.0386828
0.0376973
0.0367133
0.0357308
0.0347498
0.0337704
0.0327925
0.0318161
0.0308413
0.029868
0.0288964
0.0279263
0.0269579
0.0259911
0.025026
0.0240625
0.0231008
0.0221407
0.0211823
0.0202256
0.0192706
0.0183172
0.0173655
0.0164154
0.0154669
0.0145199
0.0135744
0.0126304
0.0116878
0.0107465
0.00980648
0.00886772
0.00793008
0.00699359
0.00605805
0.00512363
0.00418989
0.0032574
0.00232512
0.0013946
0.000463238
0.416358
0.415263
0.413147
0.409991
0.405941
0.40124
0.39614
0.39084
0.385478
0.380149
0.374919
0.369835
0.364927
0.360209
0.35568
0.351333
0.347159
0.343147
0.339283
0.335556
0.331956
0.328471
0.325093
0.321812
0.318621
0.315513
0.312483
0.309524
0.306632
0.303802
0.30103
0.298313
0.295646
0.293028
0.290456
0.287926
0.285437
0.282986
0.280571
0.278192
0.275845
0.27353
0.271245
0.268988
0.266759
0.264556
0.262378
0.260225
0.258094
0.255986
0.2539
0.251834
0.249788
0.247761
0.245753
0.243763
0.241791
0.239835
0.237896
0.235973
0.234065
0.232172
0.230294
0.22843
0.226579
0.224742
0.222919
0.221108
0.219309
0.217523
0.215748
0.213986
0.212234
0.210494
0.208764
0.207046
0.205337
0.203639
0.201951
0.200273
0.198604
0.196945
0.195296
0.193655
0.192023
0.190401
0.188787
0.187181
0.185584
0.183996
0.182415
0.180843
0.179279
0.177722
0.176174
0.174633
0.173099
0.171574
0.170055
0.168544
0.167041
0.165544
0.164055
0.162573
0.161098
0.15963
0.158169
0.156715
0.155268
0.153828
0.152395
0.150969
0.149549
0.148137
0.146731
0.145332
0.14394
0.142555
0.141177
0.139805
0.13844
0.137083
0.135732
0.134388
0.133051
0.131721
0.130398
0.129083
0.127774
0.126472
0.125177
0.123889
0.122609
0.121335
0.120068
0.118809
0.117556
0.116311
0.115072
0.113841
0.112616
0.111398
0.110186
0.108982
0.107784
0.106592
0.105407
0.104228
0.103055
0.101888
0.100727
0.099572
0.0984226
0.0972786
0.09614
0.0950066
0.0938783
0.0927549
0.0916364
0.0905225
0.0894131
0.0883081
0.0872073
0.0861107
0.0850181
0.0839293
0.0828443
0.0817629
0.0806851
0.0796107
0.0785396
0.0774718
0.076407
0.0753454
0.0742867
0.0732309
0.072178
0.0711277
0.0700802
0.0690353
0.067993
0.0669531
0.0659157
0.0648807
0.0638481
0.0628177
0.0617896
0.0607637
0.0597399
0.0587183
0.0576987
0.0566812
0.0556656
0.054652
0.0536402
0.0526304
0.0516224
0.0506161
0.0496117
0.0486089
0.0476079
0.0466085
0.0456108
0.0446146
0.04362
0.0426271
0.0416356
0.0406457
0.0396573
0.0386704
0.037685
0.0367011
0.0357188
0.0347379
0.0337586
0.0327808
0.0318045
0.0308298
0.0298567
0.0288853
0.0279154
0.0269472
0.0259806
0.0250157
0.0240525
0.0230911
0.0221313
0.0211732
0.0202168
0.0192622
0.0183092
0.0173578
0.0164081
0.01546
0.0145134
0.0135683
0.0126247
0.0116825
0.0107416
0.009802
0.00886363
0.00792639
0.0069903
0.00605515
0.00512112
0.00418779
0.0032557
0.00232387
0.0013938
0.000462981
0.423259
0.421898
0.419277
0.415394
0.410471
0.404857
0.398888
0.392809
0.38677
0.380867
0.375164
0.369703
0.364504
0.359567
0.354879
0.350421
0.346172
0.342113
0.338226
0.334492
0.330898
0.327428
0.324072
0.320818
0.317657
0.314582
0.311585
0.308661
0.305803
0.303007
0.300268
0.297583
0.294948
0.29236
0.289817
0.287315
0.284852
0.282426
0.280036
0.277679
0.275354
0.273059
0.270793
0.268555
0.266343
0.264156
0.261994
0.259855
0.257739
0.255644
0.25357
0.251515
0.249481
0.247465
0.245467
0.243486
0.241523
0.239576
0.237644
0.235729
0.233828
0.231942
0.230071
0.228213
0.226369
0.224537
0.222719
0.220913
0.21912
0.217339
0.215569
0.21381
0.212063
0.210327
0.208601
0.206886
0.205182
0.203487
0.201802
0.200127
0.198462
0.196806
0.195159
0.193521
0.191892
0.190272
0.188661
0.187058
0.185463
0.183876
0.182298
0.180728
0.179166
0.177611
0.176064
0.174525
0.172993
0.171469
0.169952
0.168443
0.166941
0.165446
0.163958
0.162477
0.161003
0.159537
0.158077
0.156624
0.155178
0.153739
0.152307
0.150881
0.149463
0.148051
0.146646
0.145248
0.143857
0.142472
0.141095
0.139724
0.13836
0.137003
0.135653
0.134309
0.132973
0.131644
0.130322
0.129006
0.127698
0.126397
0.125103
0.123816
0.122536
0.121263
0.119998
0.118739
0.117487
0.116243
0.115005
0.113775
0.112551
0.111334
0.110124
0.10892
0.107723
0.106533
0.105349
0.104172
0.103
0.101835
0.100675
0.0995215
0.0983735
0.0972309
0.0960937
0.0949618
0.0938349
0.0927129
0.0915957
0.0904831
0.0893751
0.0882713
0.0871718
0.0860764
0.0849849
0.0838973
0.0828134
0.081733
0.0806562
0.0795827
0.0785125
0.0774455
0.0763817
0.0753208
0.0742628
0.0732078
0.0721555
0.0711059
0.070059
0.0690147
0.0679729
0.0669335
0.0658966
0.0648621
0.0638299
0.0628
0.0617723
0.0607468
0.0597234
0.0587021
0.0576828
0.0566656
0.0556503
0.054637
0.0536256
0.052616
0.0516082
0.0506022
0.049598
0.0485954
0.0475946
0.0465954
0.0455978
0.0446018
0.0436074
0.0426146
0.0416233
0.0406335
0.0396452
0.0386585
0.0376733
0.0366895
0.0357073
0.0347266
0.0337474
0.0327698
0.0317937
0.0308192
0.0298464
0.0288751
0.0279055
0.0269375
0.0259712
0.0250066
0.0240438
0.0230826
0.0221231
0.0211654
0.0202094
0.0192551
0.0183025
0.0173515
0.0164022
0.0154544
0.0145082
0.0135635
0.0126203
0.0116784
0.0107379
0.00979865
0.00886063
0.00792373
0.00698795
0.00605313
0.00511939
0.0041864
0.00325459
0.00232314
0.00139333
0.000462978
0.431642
0.429905
0.426574
0.421684
0.415588
0.408794
0.401748
0.394733
0.387903
0.381347
0.375123
0.369263
0.363771
0.358625
0.353794
0.349242
0.344939
0.340854
0.336961
0.333239
0.329666
0.326225
0.322904
0.319688
0.316568
0.313534
0.31058
0.307697
0.30488
0.302124
0.299424
0.296777
0.294178
0.291625
0.289114
0.286643
0.284211
0.281813
0.27945
0.277119
0.274818
0.272546
0.270302
0.268084
0.265891
0.263723
0.261578
0.259456
0.257355
0.255274
0.253214
0.251173
0.249151
0.247146
0.24516
0.24319
0.241236
0.239299
0.237376
0.235469
0.233577
0.231699
0.229835
0.227984
0.226146
0.224322
0.22251
0.22071
0.218922
0.217146
0.215381
0.213628
0.211885
0.210153
0.208432
0.206721
0.205021
0.20333
0.201649
0.199977
0.198315
0.196662
0.195019
0.193384
0.191758
0.190141
0.188532
0.186931
0.185339
0.183755
0.182179
0.180611
0.179051
0.177499
0.175954
0.174417
0.172887
0.171364
0.169849
0.168341
0.166841
0.165347
0.163861
0.162382
0.160909
0.159444
0.157985
0.156534
0.155089
0.153651
0.15222
0.150795
0.149377
0.147967
0.146563
0.145165
0.143775
0.142391
0.141014
0.139644
0.138281
0.136925
0.135575
0.134233
0.132897
0.131569
0.130247
0.128933
0.127625
0.126325
0.125031
0.123745
0.122466
0.121194
0.11993
0.118672
0.117421
0.116178
0.114941
0.113712
0.112489
0.111273
0.110064
0.108862
0.107667
0.106478
0.105295
0.104119
0.102949
0.101785
0.100627
0.0994744
0.0983278
0.0971866
0.0960509
0.0949203
0.0937947
0.0926741
0.0915582
0.090447
0.0893401
0.0882376
0.0871393
0.086045
0.0849547
0.0838681
0.0827852
0.0817058
0.0806299
0.0795573
0.078488
0.0774218
0.0763586
0.0752985
0.0742412
0.0731868
0.0721351
0.0710861
0.0700397
0.0689959
0.0679546
0.0669158
0.0658793
0.0648452
0.0638134
0.0627839
0.0617565
0.0607313
0.0597083
0.0586873
0.0576683
0.0566514
0.0556364
0.0546233
0.0536121
0.0526028
0.0515952
0.0505894
0.0495854
0.048583
0.0475824
0.0465834
0.045586
0.0445902
0.0435959
0.0426032
0.0416121
0.0406225
0.0396344
0.0386478
0.0376627
0.0366792
0.0356971
0.0347166
0.0337376
0.0327602
0.0317844
0.0308102
0.0298375
0.0288665
0.0278972
0.0269295
0.0259636
0.0249993
0.0240367
0.0230759
0.0221168
0.0211594
0.0202038
0.0192498
0.0182975
0.0173469
0.0163979
0.0154505
0.0145047
0.0135603
0.0126173
0.0116758
0.0107356
0.0097966
0.00885883
0.00792218
0.00698663
0.00605206
0.00511851
0.00418575
0.00325408
0.0023229
0.00139316
0.000463161
0.44193
0.439642
0.435279
0.42896
0.421271
0.412958
0.40459
0.396468
0.388726
0.381441
0.374662
0.368401
0.362631
0.357302
0.352358
0.347745
0.343417
0.339335
0.335463
0.331774
0.328242
0.324849
0.321578
0.318415
0.315347
0.312366
0.309463
0.306631
0.303863
0.301155
0.298501
0.295897
0.29334
0.290826
0.288353
0.285918
0.283519
0.281154
0.278822
0.276519
0.274245
0.271999
0.269779
0.267584
0.265413
0.263266
0.26114
0.259036
0.256952
0.254888
0.252843
0.250816
0.248807
0.246816
0.244841
0.242883
0.240941
0.239013
0.237101
0.235204
0.23332
0.23145
0.229594
0.227751
0.225921
0.224103
0.222298
0.220504
0.218722
0.216952
0.215193
0.213445
0.211707
0.20998
0.208264
0.206557
0.204861
0.203174
0.201497
0.199829
0.198171
0.196521
0.194881
0.193249
0.191626
0.190012
0.188406
0.186808
0.185219
0.183637
0.182064
0.180498
0.17894
0.17739
0.175847
0.174312
0.172784
0.171263
0.16975
0.168244
0.166745
0.165253
0.163768
0.16229
0.160819
0.159355
0.157898
0.156448
0.155004
0.153567
0.152137
0.150714
0.149297
0.147887
0.146484
0.145088
0.143698
0.142315
0.140939
0.13957
0.138208
0.136852
0.135504
0.134162
0.132827
0.131499
0.130179
0.128865
0.127558
0.126259
0.124966
0.123681
0.122403
0.121132
0.119868
0.118611
0.117361
0.116119
0.114883
0.113655
0.112434
0.111219
0.110011
0.10881
0.107616
0.106428
0.105247
0.104072
0.102903
0.101741
0.100584
0.0994331
0.0982878
0.097148
0.0960135
0.0948842
0.0937599
0.0926405
0.0915259
0.0904157
0.0893101
0.0882086
0.0871114
0.0860181
0.0849287
0.083843
0.082761
0.0816825
0.0806074
0.0795356
0.078467
0.0774015
0.076339
0.0752794
0.0742228
0.0731689
0.0721177
0.0710692
0.0700233
0.0689799
0.067939
0.0669006
0.0658645
0.0648307
0.0637993
0.06277
0.061743
0.0607181
0.0596953
0.0586746
0.0576559
0.0566391
0.0556244
0.0546115
0.0536005
0.0525914
0.051584
0.0505784
0.0495746
0.0485724
0.0475719
0.0465731
0.0455758
0.0445802
0.0435861
0.0425936
0.0416026
0.0406132
0.0396253
0.0386389
0.037654
0.0366706
0.0356888
0.0347085
0.0337298
0.0327526
0.0317771
0.0308031
0.0298308
0.0288601
0.027891
0.0269237
0.025958
0.0249941
0.0240318
0.0230713
0.0221126
0.0211555
0.0202002
0.0192465
0.0182945
0.0173442
0.0163955
0.0154484
0.0145028
0.0135586
0.0126159
0.0116746
0.0107346
0.00979579
0.00885819
0.00792171
0.00698629
0.00605185
0.0051184
0.00418576
0.00325412
0.00232307
0.00139326
0.00046345
0.454739
0.451615
0.445698
0.4373
0.427431
0.41718
0.407214
0.397795
0.389018
0.380944
0.373603
0.366968
0.360966
0.355506
0.3505
0.345874
0.341566
0.337524
0.333708
0.330081
0.326617
0.323294
0.320092
0.316998
0.313999
0.311084
0.308244
0.305473
0.302764
0.300112
0.297511
0.294958
0.292449
0.289981
0.287551
0.285157
0.282796
0.280468
0.278169
0.275898
0.273655
0.271437
0.269244
0.267074
0.264927
0.262801
0.260697
0.258612
0.256547
0.2545
0.252471
0.25046
0.248466
0.246489
0.244527
0.242581
0.24065
0.238734
0.236832
0.234944
0.23307
0.231209
0.229361
0.227526
0.225703
0.223893
0.222094
0.220307
0.218531
0.216767
0.215013
0.21327
0.211538
0.209816
0.208104
0.206402
0.20471
0.203027
0.201354
0.19969
0.198035
0.196389
0.194752
0.193124
0.191504
0.189892
0.188289
0.186694
0.185107
0.183528
0.181957
0.180393
0.178838
0.17729
0.175749
0.174216
0.17269
0.171171
0.169659
0.168155
0.166658
0.165167
0.163684
0.162207
0.160738
0.159275
0.157819
0.15637
0.154928
0.153492
0.152063
0.150641
0.149225
0.147816
0.146414
0.145019
0.14363
0.142248
0.140873
0.139505
0.138143
0.136788
0.135441
0.1341
0.132766
0.131439
0.130119
0.128806
0.1275
0.126201
0.12491
0.123625
0.122348
0.121078
0.119815
0.118559
0.117311
0.116069
0.114835
0.113608
0.112387
0.111174
0.109967
0.108767
0.107574
0.106388
0.105208
0.104034
0.102866
0.101705
0.100549
0.0993994
0.0982553
0.0971166
0.0959832
0.094855
0.0937318
0.0926134
0.0914998
0.0903906
0.0892859
0.0881854
0.087089
0.0859965
0.0849079
0.083823
0.0827417
0.0816639
0.0805894
0.0795182
0.0784502
0.0773852
0.0763233
0.0752642
0.074208
0.0731545
0.0721038
0.0710556
0.0700101
0.0689671
0.0679265
0.0668883
0.0658525
0.0648191
0.0637878
0.0627589
0.0617321
0.0607074
0.0596848
0.0586643
0.0576458
0.0566293
0.0556147
0.054602
0.0535912
0.0525822
0.0515751
0.0505696
0.0495659
0.0485639
0.0475636
0.0465649
0.0455678
0.0445724
0.0435785
0.0425861
0.0415953
0.0406061
0.0396184
0.0386322
0.0376475
0.0366644
0.0356828
0.0347027
0.0337242
0.0327473
0.031772
0.0307983
0.0298263
0.0288558
0.0278871
0.02692
0.0259547
0.024991
0.0240291
0.0230689
0.0221104
0.0211536
0.0201985
0.0192451
0.0182934
0.0173433
0.0163948
0.0154478
0.0145024
0.0135584
0.0126159
0.0116746
0.0107347
0.00979605
0.00885853
0.00792212
0.00698675
0.00605235
0.0051189
0.00418629
0.00325459
0.00232354
0.00139356
0.000463772
0.470997
0.466542
0.458197
0.446729
0.433905
0.421225
0.409347
0.398416
0.388478
0.379578
0.371709
0.364774
0.358629
0.353125
0.348141
0.343575
0.33935
0.335404
0.331687
0.328162
0.324798
0.321572
0.318465
0.315461
0.312548
0.309716
0.306954
0.304257
0.301618
0.299031
0.296492
0.293997
0.291543
0.289126
0.286745
0.284395
0.282077
0.279788
0.277526
0.27529
0.273079
0.270891
0.268726
0.266582
0.26446
0.262357
0.260274
0.25821
0.256163
0.254134
0.252122
0.250127
0.248147
0.246183
0.244235
0.242301
0.240381
0.238476
0.236584
0.234706
0.23284
0.230988
0.229148
0.227321
0.225505
0.223701
0.221909
0.220128
0.218358
0.216599
0.214851
0.213113
0.211385
0.209668
0.20796
0.206263
0.204574
0.202895
0.201226
0.199565
0.197914
0.196271
0.194637
0.193011
0.191394
0.189786
0.188185
0.186592
0.185008
0.183431
0.181862
0.180301
0.178747
0.177201
0.175662
0.174131
0.172607
0.17109
0.16958
0.168077
0.166581
0.165092
0.16361
0.162135
0.160667
0.159205
0.157751
0.156303
0.154861
0.153427
0.151999
0.150578
0.149163
0.147756
0.146354
0.14496
0.143572
0.142191
0.140817
0.13945
0.138089
0.136735
0.135388
0.134048
0.132715
0.131389
0.13007
0.128758
0.127453
0.126155
0.124864
0.123581
0.122304
0.121035
0.119773
0.118518
0.117271
0.11603
0.114797
0.11357
0.112351
0.111138
0.109933
0.108734
0.107542
0.106356
0.105177
0.104004
0.102838
0.101677
0.100523
0.0993739
0.0982307
0.0970929
0.0959604
0.0948331
0.0937107
0.0925932
0.0914803
0.0903719
0.0892678
0.088168
0.0870723
0.0859804
0.0848924
0.0838081
0.0827273
0.08165
0.080576
0.0795052
0.0784376
0.077373
0.0763115
0.0752528
0.0741969
0.0731437
0.0720933
0.0710454
0.0700001
0.0689574
0.067917
0.0668791
0.0658435
0.0648103
0.0637792
0.0627505
0.0617238
0.0606993
0.0596769
0.0586566
0.0576383
0.0566219
0.0556075
0.054595
0.0535843
0.0525755
0.0515684
0.0505631
0.0495596
0.0485577
0.0475576
0.046559
0.0455621
0.0445668
0.0435731
0.0425809
0.0415903
0.0406012
0.0396137
0.0386277
0.0376432
0.0366603
0.0356789
0.0346991
0.0337209
0.0327442
0.0317691
0.0307957
0.0298239
0.0288537
0.0278852
0.0269184
0.0259533
0.0249899
0.0240282
0.0230682
0.0221099
0.0211533
0.0201984
0.0192452
0.0182936
0.0173437
0.0163953
0.0154485
0.0145031
0.0135593
0.0126168
0.0116756
0.0107357
0.00979708
0.00885958
0.00792316
0.00698777
0.00605334
0.00511983
0.00418716
0.00325534
0.0023242
0.00139397
0.000464082
0.492148
0.485362
0.473051
0.457077
0.440394
0.424781
0.410648
0.397963
0.386748
0.377036
0.368733
0.361628
0.355477
0.350065
0.345224
0.340827
0.336776
0.333
0.329445
0.326072
0.322849
0.319755
0.316771
0.313881
0.311075
0.308341
0.305672
0.30306
0.3005
0.297986
0.295516
0.293084
0.290688
0.288325
0.285993
0.28369
0.281415
0.279165
0.27694
0.274738
0.272558
0.2704
0.268262
0.266144
0.264045
0.261964
0.259901
0.257855
0.255826
0.253813
0.251816
0.249835
0.247869
0.245917
0.24398
0.242057
0.240148
0.238252
0.236369
0.234499
0.232642
0.230797
0.228964
0.227143
0.225334
0.223536
0.22175
0.219974
0.218209
0.216455
0.214711
0.212978
0.211254
0.209541
0.207837
0.206143
0.204458
0.202782
0.201116
0.199458
0.19781
0.19617
0.194538
0.192915
0.1913
0.189694
0.188096
0.186505
0.184923
0.183348
0.181781
0.180222
0.17867
0.177125
0.175588
0.174058
0.172536
0.17102
0.169512
0.16801
0.166516
0.165028
0.163548
0.162074
0.160607
0.159146
0.157693
0.156246
0.154806
0.153372
0.151946
0.150525
0.149112
0.147705
0.146305
0.144911
0.143525
0.142145
0.140771
0.139405
0.138045
0.136692
0.135346
0.134007
0.132674
0.131349
0.130031
0.12872
0.127416
0.126119
0.124829
0.123546
0.122271
0.121002
0.119741
0.118487
0.11724
0.116001
0.114768
0.113543
0.112324
0.111113
0.109908
0.10871
0.107519
0.106334
0.105155
0.103983
0.102818
0.101658
0.100504
0.0993559
0.0982134
0.0970762
0.0959444
0.0948177
0.0936959
0.0925789
0.0914665
0.0903587
0.0892551
0.0881558
0.0870605
0.0859691
0.0848814
0.0837975
0.0827171
0.0816401
0.0805664
0.0794959
0.0784286
0.0773643
0.076303
0.0752445
0.0741889
0.0731359
0.0720857
0.0710381
0.069993
0.0689504
0.0679102
0.0668725
0.065837
0.0648039
0.0637731
0.0627444
0.0617179
0.0606936
0.0596713
0.0586511
0.0576329
0.0566167
0.0556024
0.05459
0.0535795
0.0525708
0.0515639
0.0505587
0.0495553
0.0485536
0.0475535
0.0465551
0.0455584
0.0445632
0.0435696
0.0425776
0.0415872
0.0405983
0.0396109
0.0386251
0.0376408
0.0366581
0.0356769
0.0346973
0.0337193
0.0327428
0.031768
0.0307947
0.0298231
0.0288532
0.0278849
0.0269183
0.0259534
0.0249901
0.0240286
0.0230688
0.0221107
0.0211542
0.0201995
0.0192463
0.0182949
0.017345
0.0163967
0.0154499
0.0145046
0.0135608
0.0126183
0.0116771
0.0107372
0.00979856
0.00886101
0.00792455
0.0069891
0.00605459
0.00512099
0.00418821
0.00325623
0.00232494
0.00139444
0.000464363
0.520692
0.509117
0.489919
0.467508
0.446137
0.427192
0.410494
0.395876
0.383404
0.373046
0.364535
0.357486
0.35154
0.346407
0.341873
0.337779
0.334012
0.330492
0.327166
0.323995
0.320954
0.31802
0.31518
0.31242
0.30973
0.307102
0.304529
0.302004
0.299523
0.297081
0.294675
0.292303
0.289961
0.287648
0.285361
0.2831
0.280862
0.278647
0.276454
0.274282
0.272129
0.269995
0.26788
0.265783
0.263703
0.26164
0.259594
0.257564
0.255549
0.25355
0.251565
0.249596
0.24764
0.245699
0.243771
0.241856
0.239955
0.238067
0.236191
0.234328
0.232477
0.230639
0.228811
0.226996
0.225192
0.223399
0.221617
0.219845
0.218085
0.216334
0.214594
0.212864
0.211144
0.209434
0.207733
0.206042
0.20436
0.202687
0.201023
0.199368
0.197721
0.196083
0.194454
0.192833
0.191221
0.189616
0.18802
0.186431
0.18485
0.183277
0.181712
0.180154
0.178604
0.177061
0.175525
0.173996
0.172475
0.170961
0.169454
0.167953
0.16646
0.164974
0.163494
0.162022
0.160556
0.159096
0.157644
0.156198
0.154759
0.153326
0.151901
0.150481
0.149069
0.147663
0.146264
0.144871
0.143485
0.142106
0.140734
0.139368
0.138009
0.136657
0.135312
0.133974
0.132642
0.131318
0.13
0.12869
0.127387
0.126091
0.124802
0.12352
0.122245
0.120978
0.119717
0.118464
0.117218
0.115979
0.114747
0.113523
0.112305
0.111094
0.10989
0.108693
0.107502
0.106318
0.10514
0.103969
0.102804
0.101644
0.100491
0.0993434
0.0982013
0.0970647
0.0959333
0.094807
0.0936856
0.0925689
0.0914569
0.0903494
0.0892462
0.0881471
0.0870521
0.085961
0.0848736
0.0837899
0.0827097
0.0816329
0.0805594
0.0794892
0.0784221
0.0773579
0.0762968
0.0752385
0.074183
0.0731302
0.0720801
0.0710326
0.0699877
0.0689452
0.0679052
0.0668676
0.0658323
0.0647993
0.0637686
0.0627401
0.0617137
0.0606895
0.0596674
0.0586473
0.0576292
0.0566131
0.0555989
0.0545866
0.0535762
0.0525676
0.0515608
0.0505558
0.0495525
0.0485509
0.0475509
0.0465527
0.045556
0.044561
0.0435675
0.0425756
0.0415853
0.0405966
0.0396094
0.0386237
0.0376396
0.036657
0.035676
0.0346966
0.0337187
0.0327424
0.0317678
0.0307947
0.0298233
0.0288535
0.0278854
0.0269189
0.0259542
0.0249911
0.0240297
0.02307
0.022112
0.0211556
0.020201
0.0192479
0.0182965
0.0173467
0.0163984
0.0154516
0.0145064
0.0135625
0.01262
0.0116788
0.0107389
0.00980015
0.00886254
0.00792601
0.00699048
0.00605589
0.00512217
0.00418928
0.00325714
0.00232568
0.00139492
0.000464613
0.561997
0.539141
0.507344
0.476162
0.449613
0.427095
0.407672
0.391276
0.377995
0.367541
0.359329
0.352754
0.34733
0.342707
0.338638
0.334951
0.331531
0.328303
0.325223
0.32226
0.319395
0.316614
0.313906
0.311261
0.308672
0.306133
0.30364
0.301186
0.298768
0.296384
0.29403
0.291704
0.289404
0.287129
0.284877
0.282647
0.280438
0.27825
0.27608
0.273929
0.271797
0.269682
0.267584
0.265502
0.263437
0.261387
0.259353
0.257334
0.25533
0.253341
0.251365
0.249404
0.247457
0.245523
0.243602
0.241694
0.239799
0.237916
0.236046
0.234188
0.232342
0.230508
0.228685
0.226873
0.225073
0.223284
0.221505
0.219737
0.21798
0.216232
0.214495
0.212768
0.21105
0.209342
0.207644
0.205955
0.204275
0.202604
0.200942
0.199289
0.197645
0.196009
0.194381
0.192762
0.191151
0.189548
0.187953
0.186366
0.184787
0.183215
0.181651
0.180094
0.178545
0.177004
0.175469
0.173942
0.172422
0.170908
0.169402
0.167903
0.166411
0.164926
0.163447
0.161976
0.160511
0.159052
0.157601
0.156156
0.154718
0.153286
0.151861
0.150443
0.149031
0.147626
0.146228
0.144836
0.143451
0.142073
0.140701
0.139336
0.137978
0.136627
0.135283
0.133945
0.132615
0.131291
0.129975
0.128665
0.127363
0.126067
0.124779
0.123498
0.122224
0.120958
0.119698
0.118446
0.1172
0.115962
0.114731
0.113507
0.11229
0.111079
0.109876
0.108679
0.107489
0.106306
0.105128
0.103957
0.102793
0.101634
0.100481
0.0993337
0.098192
0.0970557
0.0959246
0.0947986
0.0936775
0.0925611
0.0914494
0.090342
0.089239
0.0881402
0.0870454
0.0859544
0.0848672
0.0837837
0.0827036
0.081627
0.0805537
0.0794836
0.0784166
0.0773526
0.0762916
0.0752334
0.0741781
0.0731254
0.0720755
0.0710281
0.0699833
0.0689409
0.0679011
0.0668635
0.0658284
0.0647955
0.0637649
0.0627365
0.0617103
0.0606861
0.0596641
0.0586441
0.0576261
0.0566101
0.0555961
0.0545839
0.0535736
0.0525651
0.0515584
0.0505534
0.0495502
0.0485487
0.0475489
0.0465508
0.0455542
0.0445593
0.043566
0.0425742
0.041584
0.0405954
0.0396083
0.0386228
0.0376388
0.0366564
0.0356755
0.0346962
0.0337185
0.0327423
0.0317678
0.0307949
0.0298236
0.0288539
0.027886
0.0269196
0.025955
0.024992
0.0240307
0.0230711
0.0221132
0.0211569
0.0202023
0.0192493
0.018298
0.0173482
0.0163999
0.0154532
0.0145079
0.013564
0.0126215
0.0116803
0.0107403
0.00980153
0.00886387
0.00792728
0.00699168
0.00605701
0.00512321
0.0041902
0.00325794
0.00232633
0.00139536
0.000464833
0.631286
0.579621
0.525043
0.482675
0.450539
0.423944
0.40168
0.384015
0.370755
0.361025
0.353781
0.348162
0.343568
0.339613
0.336057
0.332756
0.329631
0.326634
0.323739
0.32093
0.318196
0.315528
0.312919
0.310361
0.30785
0.305379
0.302946
0.300546
0.298176
0.295835
0.293519
0.291228
0.288959
0.286712
0.284486
0.282279
0.280091
0.277922
0.27577
0.273635
0.271517
0.269416
0.26733
0.26526
0.263206
0.261166
0.259142
0.257132
0.255136
0.253154
0.251186
0.249231
0.24729
0.245361
0.243446
0.241543
0.239653
0.237776
0.23591
0.234056
0.232214
0.230383
0.228564
0.226756
0.224959
0.223173
0.221397
0.219632
0.217877
0.216132
0.214398
0.212673
0.210957
0.209252
0.207556
0.205869
0.204191
0.202522
0.200862
0.19921
0.197568
0.195933
0.194307
0.19269
0.19108
0.189479
0.187885
0.186299
0.184721
0.183151
0.181588
0.180033
0.178485
0.176945
0.175411
0.173885
0.172366
0.170854
0.169349
0.167851
0.16636
0.164876
0.163398
0.161927
0.160463
0.159006
0.157555
0.156111
0.154674
0.153244
0.15182
0.150402
0.148991
0.147587
0.14619
0.144799
0.143415
0.142037
0.140667
0.139303
0.137946
0.136595
0.135252
0.133915
0.132586
0.131263
0.129947
0.128638
0.127337
0.126042
0.124755
0.123475
0.122202
0.120936
0.119677
0.118425
0.117181
0.115943
0.114713
0.113489
0.112273
0.111063
0.10986
0.108664
0.107475
0.106292
0.105115
0.103945
0.10278
0.101622
0.100469
0.0993226
0.0981812
0.0970453
0.0959145
0.0947888
0.0936679
0.0925519
0.0914404
0.0903333
0.0892305
0.0881319
0.0870373
0.0859465
0.0848595
0.0837762
0.0826963
0.0816199
0.0805467
0.0794768
0.07841
0.0773461
0.0762853
0.0752273
0.0741721
0.0731196
0.0720698
0.0710226
0.0699779
0.0689357
0.0678959
0.0668586
0.0658236
0.0647908
0.0637604
0.0627321
0.061706
0.060682
0.0596601
0.0586402
0.0576224
0.0566065
0.0555925
0.0545805
0.0535703
0.0525619
0.0515553
0.0505505
0.0495474
0.048546
0.0475463
0.0465482
0.0455518
0.044557
0.0435638
0.0425721
0.0415821
0.0405935
0.0396066
0.0386212
0.0376373
0.036655
0.0356742
0.0346951
0.0337175
0.0327415
0.031767
0.0307943
0.0298231
0.0288536
0.0278857
0.0269195
0.025955
0.0249921
0.0240309
0.0230714
0.0221136
0.0211574
0.0202029
0.0192499
0.0182986
0.0173489
0.0164007
0.015454
0.0145087
0.0135648
0.0126223
0.0116811
0.0107411
0.00980234
0.00886466
0.00792804
0.00699241
0.0060577
0.00512385
0.00419079
0.00325845
0.00232676
0.00139565
0.000464998
0.752826
0.635273
0.545744
0.490721
0.45216
0.420661
0.395194
0.376213
0.362949
0.353899
0.347626
0.343038
0.339394
0.336233
0.333303
0.330479
0.327711
0.324984
0.322295
0.319649
0.317046
0.314486
0.311968
0.309489
0.307046
0.304636
0.302256
0.299903
0.297576
0.295273
0.292991
0.290731
0.288491
0.28627
0.284067
0.281881
0.279713
0.277562
0.275427
0.273308
0.271204
0.269116
0.267043
0.264985
0.262941
0.260911
0.258896
0.256895
0.254907
0.252933
0.250972
0.249025
0.24709
0.245168
0.243258
0.241361
0.239477
0.237604
0.235743
0.233894
0.232056
0.23023
0.228414
0.22661
0.224817
0.223034
0.221262
0.2195
0.217748
0.216006
0.214274
0.212552
0.21084
0.209137
0.207443
0.205758
0.204083
0.202416
0.200758
0.199109
0.197468
0.195836
0.194212
0.192596
0.190989
0.189389
0.187797
0.186213
0.184637
0.183068
0.181507
0.179953
0.178407
0.176867
0.175336
0.173811
0.172293
0.170782
0.169279
0.167782
0.166292
0.164809
0.163333
0.161863
0.1604
0.158944
0.157495
0.156052
0.154616
0.153186
0.151763
0.150347
0.148937
0.147534
0.146138
0.144748
0.143365
0.141989
0.140619
0.139256
0.1379
0.136551
0.135208
0.133873
0.132544
0.131222
0.129907
0.1286
0.127299
0.126006
0.124719
0.12344
0.122168
0.120903
0.119645
0.118394
0.117151
0.115914
0.114685
0.113462
0.112247
0.111038
0.109836
0.10864
0.107452
0.106269
0.105093
0.103924
0.10276
0.101602
0.10045
0.0993042
0.0981634
0.097028
0.0958977
0.0947725
0.0936522
0.0925365
0.0914255
0.0903188
0.0892164
0.0881182
0.0870239
0.0859335
0.0848469
0.0837638
0.0826843
0.0816081
0.0805353
0.0794656
0.0783991
0.0773355
0.0762749
0.0752172
0.0741622
0.07311
0.0720604
0.0710134
0.069969
0.068927
0.0678875
0.0668504
0.0658156
0.064783
0.0637528
0.0627247
0.0616988
0.060675
0.0596533
0.0586336
0.057616
0.0566003
0.0555865
0.0545746
0.0535646
0.0525563
0.0515499
0.0505453
0.0495423
0.0485411
0.0475415
0.0465436
0.0455473
0.0445526
0.0435596
0.042568
0.0415781
0.0405897
0.0396029
0.0386176
0.0376339
0.0366517
0.0356711
0.034692
0.0337146
0.0327387
0.0317644
0.0307918
0.0298208
0.0288514
0.0278836
0.0269176
0.0259532
0.0249904
0.0240294
0.02307
0.0221123
0.0211562
0.0202018
0.019249
0.0182978
0.0173481
0.0164
0.0154534
0.0145082
0.0135644
0.012622
0.0116808
0.0107409
0.00980217
0.00886454
0.00792795
0.00699235
0.00605767
0.00512384
0.00419079
0.00325846
0.00232678
0.00139566
0.000465026
)
;

boundaryField
{
    inlet
    {
        type            zeroGradient;
    }
    outlet
    {
        type            fixedValue;
        value           uniform 0;
    }
    bottomWall
    {
        type            zeroGradient;
    }
    topWall
    {
        type            zeroGradient;
    }
    front
    {
        type            empty;
    }
    back
    {
        type            empty;
    }
}


// ************************************************************************* //
