/*--------------------------------*- C++ -*----------------------------------*\
| =========                 |                                                 |
| \\      /  F ield         | OpenFOAM: The Open Source CFD Toolbox           |
|  \\    /   O peration     | Version:  2512                                  |
|   \\  /    A nd           | Website:  www.openfoam.com                      |
|    \\/     M anipulation  |                                                 |
\*---------------------------------------------------------------------------*/
FoamFile
{
    version     2.0;
    format      ascii;
    arch        "LSB;label=32;scalar=64";
    class       volScalarField;
    location    "0.5";
    object      p;
}
// * * * * * * * * * * * * * * * * * * * * * * * * * * * * * * * * * * * * * //

dimensions      [0 2 -2 0 0 0 0];

internalField   nonuniform List<scalar> 
10250
(
0.793219
0.67566
0.586121
0.531083
0.492507
0.460992
0.435506
0.416505
0.403219
0.394145
0.387847
0.383233
0.379563
0.376377
0.373424
0.370581
0.367796
0.365057
0.362362
0.359716
0.357122
0.354582
0.352096
0.349664
0.347287
0.344964
0.342697
0.340486
0.338335
0.336246
0.334221
0.332261
0.330368
0.328542
0.326781
0.325081
0.323437
0.321844
0.320292
0.318774
0.317282
0.315808
0.314343
0.312882
0.311421
0.309954
0.308481
0.307001
0.305514
0.304022
0.302525
0.301025
0.299525
0.298026
0.29653
0.295036
0.293546
0.292058
0.290574
0.289092
0.287611
0.286132
0.284653
0.283173
0.281692
0.280209
0.278724
0.277237
0.275747
0.274254
0.272759
0.271261
0.26976
0.268257
0.266752
0.265244
0.263735
0.262224
0.260712
0.259199
0.257684
0.256169
0.254652
0.253136
0.251618
0.2501
0.248582
0.247063
0.245544
0.244024
0.242505
0.240985
0.239465
0.237945
0.236425
0.234905
0.233385
0.231865
0.230345
0.228824
0.227304
0.225784
0.224263
0.222743
0.221223
0.219702
0.218182
0.216661
0.215141
0.213621
0.2121
0.21058
0.209059
0.207539
0.206018
0.204498
0.202978
0.201457
0.199937
0.198416
0.196896
0.195375
0.193855
0.192335
0.190814
0.189294
0.187773
0.186253
0.184733
0.183212
0.181692
0.180171
0.178651
0.17713
0.17561
0.17409
0.172569
0.171049
0.169528
0.168008
0.166488
0.164967
0.163447
0.161926
0.160406
0.158885
0.157365
0.155845
0.154324
0.152804
0.151283
0.149763
0.148242
0.146722
0.145202
0.143681
0.142161
0.14064
0.13912
0.137599
0.136079
0.134559
0.133038
0.131518
0.129997
0.128477
0.126956
0.125436
0.123916
0.122395
0.120875
0.119354
0.117834
0.116313
0.114793
0.113273
0.111752
0.110232
0.108711
0.107191
0.10567
0.10415
0.10263
0.101109
0.0995888
0.0980683
0.0965479
0.0950275
0.093507
0.0919866
0.0904662
0.0889458
0.0874253
0.0859049
0.0843845
0.082864
0.0813436
0.0798232
0.0783027
0.0767823
0.0752619
0.0737415
0.072221
0.0707006
0.0691802
0.0676597
0.0661393
0.0646189
0.0630985
0.061578
0.0600576
0.0585372
0.0570168
0.0554963
0.0539759
0.0524555
0.0509351
0.0494147
0.0478942
0.0463738
0.0448534
0.043333
0.0418125
0.0402921
0.0387717
0.0372513
0.0357309
0.0342105
0.03269
0.0311696
0.0296492
0.0281288
0.0266084
0.025088
0.0235676
0.0220472
0.0205267
0.0190063
0.0174859
0.0159654
0.014445
0.0129245
0.0114041
0.00988361
0.00836312
0.00684261
0.00532209
0.00380154
0.002281
0.000760425
0.671686
0.620017
0.565431
0.52305
0.490898
0.464284
0.442
0.424312
0.411026
0.401269
0.393995
0.388347
0.383724
0.37974
0.376156
0.372832
0.369684
0.36667
0.363763
0.360948
0.358216
0.35556
0.352974
0.350455
0.347999
0.345605
0.343273
0.341003
0.338796
0.336654
0.33458
0.332575
0.330641
0.328776
0.326981
0.32525
0.32358
0.321963
0.320392
0.318859
0.317353
0.315868
0.314395
0.312927
0.311459
0.309987
0.30851
0.307025
0.305534
0.304037
0.302537
0.301034
0.299531
0.298029
0.29653
0.295034
0.293542
0.292054
0.29057
0.289087
0.287606
0.286127
0.284648
0.283169
0.281689
0.280206
0.278722
0.277235
0.275745
0.274253
0.272758
0.27126
0.269759
0.268256
0.266751
0.265244
0.263735
0.262224
0.260712
0.259199
0.257684
0.256169
0.254652
0.253135
0.251618
0.2501
0.248582
0.247063
0.245544
0.244024
0.242505
0.240985
0.239465
0.237945
0.236425
0.234905
0.233385
0.231865
0.230345
0.228824
0.227304
0.225784
0.224263
0.222743
0.221223
0.219702
0.218182
0.216661
0.215141
0.213621
0.2121
0.21058
0.209059
0.207539
0.206018
0.204498
0.202978
0.201457
0.199937
0.198416
0.196896
0.195375
0.193855
0.192335
0.190814
0.189294
0.187773
0.186253
0.184733
0.183212
0.181692
0.180171
0.178651
0.17713
0.17561
0.17409
0.172569
0.171049
0.169528
0.168008
0.166488
0.164967
0.163447
0.161926
0.160406
0.158885
0.157365
0.155845
0.154324
0.152804
0.151283
0.149763
0.148242
0.146722
0.145202
0.143681
0.142161
0.14064
0.13912
0.137599
0.136079
0.134559
0.133038
0.131518
0.129997
0.128477
0.126956
0.125436
0.123916
0.122395
0.120875
0.119354
0.117834
0.116313
0.114793
0.113273
0.111752
0.110232
0.108711
0.107191
0.10567
0.10415
0.10263
0.101109
0.0995888
0.0980683
0.0965479
0.0950275
0.093507
0.0919866
0.0904662
0.0889458
0.0874253
0.0859049
0.0843845
0.082864
0.0813436
0.0798232
0.0783027
0.0767823
0.0752619
0.0737415
0.072221
0.0707006
0.0691802
0.0676597
0.0661393
0.0646189
0.0630985
0.061578
0.0600576
0.0585372
0.0570168
0.0554963
0.0539759
0.0524555
0.0509351
0.0494147
0.0478942
0.0463738
0.0448534
0.043333
0.0418125
0.0402921
0.0387717
0.0372513
0.0357309
0.0342105
0.0326901
0.0311696
0.0296492
0.0281288
0.0266084
0.025088
0.0235676
0.0220472
0.0205268
0.0190063
0.0174859
0.0159655
0.014445
0.0129246
0.0114041
0.00988366
0.00836318
0.00684266
0.00532213
0.00380157
0.00228103
0.000760458
0.602411
0.579552
0.547749
0.516556
0.489994
0.46746
0.448019
0.431601
0.418296
0.407815
0.399577
0.392972
0.387519
0.382867
0.37877
0.375057
0.371612
0.368364
0.365268
0.362295
0.359428
0.356654
0.353963
0.35135
0.34881
0.34634
0.343938
0.341604
0.339338
0.337143
0.335018
0.332967
0.330989
0.329085
0.327253
0.325489
0.32379
0.322147
0.320554
0.319
0.317478
0.315978
0.314492
0.313013
0.311535
0.310053
0.308567
0.307074
0.305575
0.304071
0.302563
0.301055
0.299546
0.29804
0.296537
0.295038
0.293544
0.292054
0.290567
0.289085
0.287605
0.286126
0.284647
0.283168
0.281688
0.280206
0.278722
0.277235
0.275746
0.274254
0.272759
0.271261
0.26976
0.268257
0.266752
0.265245
0.263736
0.262225
0.260713
0.259199
0.257685
0.256169
0.254653
0.253136
0.251618
0.2501
0.248582
0.247063
0.245544
0.244024
0.242505
0.240985
0.239465
0.237945
0.236425
0.234905
0.233385
0.231865
0.230345
0.228824
0.227304
0.225784
0.224263
0.222743
0.221223
0.219702
0.218182
0.216661
0.215141
0.213621
0.2121
0.21058
0.209059
0.207539
0.206018
0.204498
0.202978
0.201457
0.199937
0.198416
0.196896
0.195375
0.193855
0.192335
0.190814
0.189294
0.187773
0.186253
0.184733
0.183212
0.181692
0.180171
0.178651
0.17713
0.17561
0.17409
0.172569
0.171049
0.169528
0.168008
0.166488
0.164967
0.163447
0.161926
0.160406
0.158885
0.157365
0.155845
0.154324
0.152804
0.151283
0.149763
0.148242
0.146722
0.145202
0.143681
0.142161
0.14064
0.13912
0.137599
0.136079
0.134559
0.133038
0.131518
0.129997
0.128477
0.126956
0.125436
0.123916
0.122395
0.120875
0.119354
0.117834
0.116313
0.114793
0.113273
0.111752
0.110232
0.108711
0.107191
0.10567
0.10415
0.10263
0.101109
0.0995888
0.0980683
0.0965479
0.0950275
0.093507
0.0919866
0.0904662
0.0889458
0.0874253
0.0859049
0.0843845
0.082864
0.0813436
0.0798232
0.0783027
0.0767823
0.0752619
0.0737415
0.072221
0.0707006
0.0691802
0.0676597
0.0661393
0.0646189
0.0630985
0.061578
0.0600576
0.0585372
0.0570168
0.0554964
0.0539759
0.0524555
0.0509351
0.0494147
0.0478942
0.0463738
0.0448534
0.043333
0.0418126
0.0402921
0.0387717
0.0372513
0.0357309
0.0342105
0.0326901
0.0311697
0.0296492
0.0281288
0.0266084
0.025088
0.0235676
0.0220472
0.0205268
0.0190064
0.0174859
0.0159655
0.0144451
0.0129246
0.0114042
0.00988372
0.00836327
0.00684278
0.00532233
0.00380178
0.00228136
0.000760713
0.561123
0.549546
0.530343
0.507925
0.486543
0.467587
0.450874
0.436239
0.423749
0.413371
0.404837
0.397765
0.391795
0.386638
0.38208
0.377964
0.374177
0.37064
0.367301
0.364123
0.361081
0.358156
0.355335
0.352607
0.349965
0.347404
0.34492
0.342511
0.340177
0.337917
0.335733
0.333625
0.331594
0.329639
0.327758
0.325949
0.324205
0.322521
0.320889
0.319301
0.317746
0.316216
0.314703
0.313199
0.311699
0.310197
0.308692
0.307183
0.305668
0.30415
0.302631
0.301111
0.299593
0.298078
0.296568
0.295063
0.293563
0.292069
0.29058
0.289094
0.287612
0.286131
0.284652
0.283172
0.281692
0.280209
0.278725
0.277238
0.275748
0.274256
0.272761
0.271262
0.269762
0.268259
0.266753
0.265246
0.263737
0.262226
0.260713
0.2592
0.257685
0.256169
0.254653
0.253136
0.251618
0.2501
0.248582
0.247063
0.245544
0.244025
0.242505
0.240985
0.239465
0.237945
0.236425
0.234905
0.233385
0.231865
0.230345
0.228824
0.227304
0.225784
0.224263
0.222743
0.221223
0.219702
0.218182
0.216661
0.215141
0.213621
0.2121
0.21058
0.209059
0.207539
0.206018
0.204498
0.202978
0.201457
0.199937
0.198416
0.196896
0.195375
0.193855
0.192335
0.190814
0.189294
0.187773
0.186253
0.184733
0.183212
0.181692
0.180171
0.178651
0.17713
0.17561
0.17409
0.172569
0.171049
0.169528
0.168008
0.166488
0.164967
0.163447
0.161926
0.160406
0.158885
0.157365
0.155845
0.154324
0.152804
0.151283
0.149763
0.148242
0.146722
0.145202
0.143681
0.142161
0.14064
0.13912
0.137599
0.136079
0.134559
0.133038
0.131518
0.129997
0.128477
0.126956
0.125436
0.123916
0.122395
0.120875
0.119354
0.117834
0.116313
0.114793
0.113273
0.111752
0.110232
0.108711
0.107191
0.10567
0.10415
0.10263
0.101109
0.0995888
0.0980683
0.0965479
0.0950275
0.093507
0.0919866
0.0904662
0.0889458
0.0874253
0.0859049
0.0843845
0.082864
0.0813436
0.0798232
0.0783027
0.0767823
0.0752619
0.0737415
0.072221
0.0707006
0.0691802
0.0676597
0.0661393
0.0646189
0.0630985
0.061578
0.0600576
0.0585372
0.0570168
0.0554964
0.0539759
0.0524555
0.0509351
0.0494147
0.0478942
0.0463738
0.0448534
0.043333
0.0418126
0.0402921
0.0387717
0.0372513
0.0357309
0.0342105
0.0326901
0.0311696
0.0296492
0.0281288
0.0266084
0.025088
0.0235676
0.0220472
0.0205268
0.0190063
0.0174859
0.0159655
0.0144451
0.0129246
0.0114042
0.00988377
0.00836337
0.00684293
0.0053226
0.00380208
0.00228194
0.000761193
0.532598
0.52581
0.513496
0.497518
0.480828
0.465206
0.451064
0.438367
0.427139
0.417413
0.409096
0.401975
0.395808
0.39038
0.385525
0.381114
0.377052
0.373269
0.369711
0.366339
0.363126
0.360049
0.357093
0.354244
0.351493
0.348833
0.346259
0.343768
0.341357
0.339026
0.336774
0.3346
0.332505
0.330487
0.328544
0.326674
0.32487
0.323128
0.321439
0.319796
0.318191
0.316614
0.315057
0.313514
0.311978
0.310444
0.308911
0.307375
0.305838
0.304299
0.302761
0.301225
0.299691
0.298163
0.296641
0.295126
0.293617
0.292115
0.290618
0.289127
0.287639
0.286154
0.284671
0.283188
0.281705
0.28022
0.278734
0.277245
0.275755
0.274261
0.272765
0.271266
0.269765
0.268261
0.266755
0.265247
0.263738
0.262227
0.260714
0.2592
0.257686
0.25617
0.254653
0.253136
0.251619
0.2501
0.248582
0.247063
0.245544
0.244025
0.242505
0.240985
0.239465
0.237945
0.236425
0.234905
0.233385
0.231865
0.230345
0.228824
0.227304
0.225784
0.224263
0.222743
0.221223
0.219702
0.218182
0.216661
0.215141
0.213621
0.2121
0.21058
0.209059
0.207539
0.206018
0.204498
0.202978
0.201457
0.199937
0.198416
0.196896
0.195375
0.193855
0.192335
0.190814
0.189294
0.187773
0.186253
0.184733
0.183212
0.181692
0.180171
0.178651
0.17713
0.17561
0.17409
0.172569
0.171049
0.169528
0.168008
0.166488
0.164967
0.163447
0.161926
0.160406
0.158885
0.157365
0.155845
0.154324
0.152804
0.151283
0.149763
0.148242
0.146722
0.145202
0.143681
0.142161
0.14064
0.13912
0.137599
0.136079
0.134559
0.133038
0.131518
0.129997
0.128477
0.126956
0.125436
0.123916
0.122395
0.120875
0.119354
0.117834
0.116313
0.114793
0.113273
0.111752
0.110232
0.108711
0.107191
0.10567
0.10415
0.10263
0.101109
0.0995888
0.0980683
0.0965479
0.0950275
0.093507
0.0919866
0.0904662
0.0889458
0.0874253
0.0859049
0.0843845
0.082864
0.0813436
0.0798232
0.0783027
0.0767823
0.0752619
0.0737415
0.072221
0.0707006
0.0691802
0.0676597
0.0661393
0.0646189
0.0630985
0.061578
0.0600576
0.0585372
0.0570168
0.0554964
0.0539759
0.0524555
0.0509351
0.0494147
0.0478942
0.0463738
0.0448534
0.043333
0.0418126
0.0402921
0.0387717
0.0372513
0.0357309
0.0342105
0.0326901
0.0311696
0.0296492
0.0281288
0.0266084
0.025088
0.0235676
0.0220472
0.0205267
0.0190063
0.0174859
0.0159655
0.0144451
0.0129246
0.0114042
0.0098838
0.00836344
0.00684304
0.0053228
0.00380231
0.00228234
0.000761568
0.511467
0.507011
0.498665
0.487193
0.474366
0.46168
0.449796
0.438859
0.428913
0.420006
0.412129
0.405186
0.399033
0.393524
0.388534
0.383966
0.379741
0.375799
0.372092
0.368582
0.36524
0.362045
0.358979
0.35603
0.353186
0.35044
0.347785
0.345218
0.342736
0.340336
0.338017
0.335778
0.333618
0.331534
0.329525
0.327587
0.325716
0.323906
0.322151
0.320443
0.318776
0.31714
0.31553
0.313936
0.312355
0.310782
0.309213
0.307646
0.306081
0.304517
0.302957
0.3014
0.299849
0.298304
0.296766
0.295236
0.293714
0.2922
0.290692
0.289191
0.287694
0.286201
0.28471
0.283221
0.281733
0.280243
0.278753
0.277261
0.275768
0.274272
0.272774
0.271273
0.26977
0.268266
0.266759
0.26525
0.26374
0.262229
0.260716
0.259201
0.257686
0.256171
0.254654
0.253137
0.251619
0.250101
0.248582
0.247063
0.245544
0.244025
0.242505
0.240985
0.239465
0.237945
0.236425
0.234905
0.233385
0.231865
0.230345
0.228824
0.227304
0.225784
0.224263
0.222743
0.221223
0.219702
0.218182
0.216661
0.215141
0.213621
0.2121
0.21058
0.209059
0.207539
0.206018
0.204498
0.202978
0.201457
0.199937
0.198416
0.196896
0.195375
0.193855
0.192335
0.190814
0.189294
0.187773
0.186253
0.184733
0.183212
0.181692
0.180171
0.178651
0.17713
0.17561
0.17409
0.172569
0.171049
0.169528
0.168008
0.166488
0.164967
0.163447
0.161926
0.160406
0.158885
0.157365
0.155845
0.154324
0.152804
0.151283
0.149763
0.148242
0.146722
0.145202
0.143681
0.142161
0.14064
0.13912
0.137599
0.136079
0.134559
0.133038
0.131518
0.129997
0.128477
0.126956
0.125436
0.123916
0.122395
0.120875
0.119354
0.117834
0.116313
0.114793
0.113273
0.111752
0.110232
0.108711
0.107191
0.10567
0.10415
0.10263
0.101109
0.0995888
0.0980683
0.0965479
0.0950275
0.093507
0.0919866
0.0904662
0.0889457
0.0874253
0.0859049
0.0843845
0.082864
0.0813436
0.0798232
0.0783027
0.0767823
0.0752619
0.0737414
0.072221
0.0707006
0.0691802
0.0676597
0.0661393
0.0646189
0.0630985
0.061578
0.0600576
0.0585372
0.0570168
0.0554964
0.0539759
0.0524555
0.0509351
0.0494147
0.0478942
0.0463738
0.0448534
0.043333
0.0418126
0.0402921
0.0387717
0.0372513
0.0357309
0.0342105
0.03269
0.0311696
0.0296492
0.0281288
0.0266084
0.025088
0.0235676
0.0220471
0.0205267
0.0190063
0.0174859
0.0159655
0.014445
0.0129246
0.0114042
0.00988379
0.00836344
0.00684306
0.00532284
0.00380238
0.00228239
0.000761575
0.49523
0.492106
0.486188
0.477789
0.467918
0.457665
0.447696
0.438275
0.429496
0.421419
0.414076
0.40744
0.401439
0.395981
0.390979
0.386361
0.382064
0.378038
0.374243
0.370644
0.367216
0.363938
0.360792
0.357766
0.35485
0.352035
0.349316
0.346686
0.344143
0.341684
0.339307
0.337009
0.334788
0.332643
0.330571
0.328568
0.326631
0.324754
0.322932
0.321159
0.319427
0.317731
0.316063
0.314417
0.312788
0.311172
0.309565
0.307965
0.306371
0.304782
0.303198
0.301621
0.30005
0.298487
0.296933
0.295387
0.293849
0.29232
0.290799
0.289285
0.287776
0.286272
0.284772
0.283274
0.281777
0.280281
0.278785
0.277288
0.275789
0.27429
0.272788
0.271285
0.26978
0.268273
0.266765
0.265255
0.263744
0.262232
0.260718
0.259203
0.257688
0.256172
0.254655
0.253137
0.251619
0.250101
0.248582
0.247063
0.245544
0.244025
0.242505
0.240985
0.239465
0.237945
0.236425
0.234905
0.233385
0.231865
0.230345
0.228824
0.227304
0.225784
0.224263
0.222743
0.221223
0.219702
0.218182
0.216661
0.215141
0.213621
0.2121
0.21058
0.209059
0.207539
0.206018
0.204498
0.202978
0.201457
0.199937
0.198416
0.196896
0.195375
0.193855
0.192335
0.190814
0.189294
0.187773
0.186253
0.184733
0.183212
0.181692
0.180171
0.178651
0.17713
0.17561
0.17409
0.172569
0.171049
0.169528
0.168008
0.166488
0.164967
0.163447
0.161926
0.160406
0.158885
0.157365
0.155845
0.154324
0.152804
0.151283
0.149763
0.148242
0.146722
0.145202
0.143681
0.142161
0.14064
0.13912
0.137599
0.136079
0.134559
0.133038
0.131518
0.129997
0.128477
0.126956
0.125436
0.123916
0.122395
0.120875
0.119354
0.117834
0.116313
0.114793
0.113273
0.111752
0.110232
0.108711
0.107191
0.10567
0.10415
0.10263
0.101109
0.0995888
0.0980683
0.0965479
0.0950275
0.093507
0.0919866
0.0904662
0.0889457
0.0874253
0.0859049
0.0843845
0.082864
0.0813436
0.0798232
0.0783027
0.0767823
0.0752619
0.0737414
0.072221
0.0707006
0.0691802
0.0676597
0.0661393
0.0646189
0.0630985
0.061578
0.0600576
0.0585372
0.0570168
0.0554964
0.0539759
0.0524555
0.0509351
0.0494147
0.0478942
0.0463738
0.0448534
0.043333
0.0418125
0.0402921
0.0387717
0.0372513
0.0357309
0.0342104
0.03269
0.0311696
0.0296492
0.0281288
0.0266084
0.0250879
0.0235675
0.0220471
0.0205267
0.0190063
0.0174858
0.0159654
0.014445
0.0129246
0.0114042
0.00988374
0.00836337
0.006843
0.0053227
0.00380227
0.00228211
0.000761257
0.482443
0.480155
0.475792
0.469474
0.461784
0.453471
0.445104
0.436983
0.429243
0.42196
0.415185
0.408929
0.403166
0.397847
0.392915
0.388319
0.384012
0.379955
0.376116
0.372466
0.368982
0.365647
0.362444
0.359362
0.356391
0.353522
0.35075
0.348069
0.345476
0.342966
0.340538
0.338189
0.335916
0.333717
0.331588
0.329527
0.32753
0.325592
0.323709
0.321874
0.320082
0.318327
0.316605
0.314908
0.313233
0.311576
0.309932
0.308301
0.306678
0.305065
0.30346
0.301863
0.300274
0.298694
0.297123
0.295561
0.294008
0.292464
0.290928
0.2894
0.287878
0.286361
0.284849
0.283341
0.281835
0.28033
0.278826
0.277323
0.275819
0.274314
0.272809
0.271302
0.269794
0.268285
0.266774
0.265263
0.26375
0.262236
0.260722
0.259206
0.25769
0.256174
0.254656
0.253139
0.25162
0.250102
0.248583
0.247064
0.245544
0.244025
0.242505
0.240985
0.239466
0.237945
0.236425
0.234905
0.233385
0.231865
0.230345
0.228824
0.227304
0.225784
0.224263
0.222743
0.221223
0.219702
0.218182
0.216661
0.215141
0.213621
0.2121
0.21058
0.209059
0.207539
0.206018
0.204498
0.202978
0.201457
0.199937
0.198416
0.196896
0.195375
0.193855
0.192335
0.190814
0.189294
0.187773
0.186253
0.184733
0.183212
0.181692
0.180171
0.178651
0.17713
0.17561
0.17409
0.172569
0.171049
0.169528
0.168008
0.166487
0.164967
0.163447
0.161926
0.160406
0.158885
0.157365
0.155845
0.154324
0.152804
0.151283
0.149763
0.148242
0.146722
0.145202
0.143681
0.142161
0.14064
0.13912
0.137599
0.136079
0.134559
0.133038
0.131518
0.129997
0.128477
0.126956
0.125436
0.123916
0.122395
0.120875
0.119354
0.117834
0.116313
0.114793
0.113273
0.111752
0.110232
0.108711
0.107191
0.10567
0.10415
0.10263
0.101109
0.0995887
0.0980683
0.0965479
0.0950275
0.093507
0.0919866
0.0904662
0.0889457
0.0874253
0.0859049
0.0843844
0.082864
0.0813436
0.0798232
0.0783027
0.0767823
0.0752619
0.0737414
0.072221
0.0707006
0.0691802
0.0676597
0.0661393
0.0646189
0.0630985
0.061578
0.0600576
0.0585372
0.0570168
0.0554964
0.0539759
0.0524555
0.0509351
0.0494147
0.0478942
0.0463738
0.0448534
0.043333
0.0418125
0.0402921
0.0387717
0.0372513
0.0357309
0.0342104
0.03269
0.0311696
0.0296492
0.0281287
0.0266083
0.0250879
0.0235675
0.0220471
0.0205266
0.0190062
0.0174858
0.0159653
0.0144449
0.0129245
0.0114041
0.00988365
0.00836324
0.00684285
0.00532245
0.00380205
0.00228169
0.000760826
0.472177
0.470441
0.46711
0.462221
0.456127
0.449336
0.442292
0.435281
0.428456
0.421906
0.415691
0.409842
0.404363
0.399233
0.394421
0.389894
0.385619
0.381569
0.377718
0.374045
0.37053
0.367157
0.363915
0.360791
0.357777
0.354866
0.352051
0.349328
0.346692
0.344139
0.341668
0.339274
0.336955
0.334708
0.33253
0.330418
0.328369
0.326377
0.324439
0.322549
0.320704
0.318898
0.317125
0.315383
0.313666
0.31197
0.310293
0.308631
0.306982
0.305346
0.303721
0.302105
0.3005
0.298904
0.297318
0.295741
0.294174
0.292616
0.291066
0.289524
0.287989
0.28646
0.284936
0.283417
0.281901
0.280387
0.278875
0.277364
0.275854
0.274343
0.272833
0.271322
0.269811
0.268299
0.266786
0.265272
0.263758
0.262243
0.260727
0.259211
0.257694
0.256176
0.254658
0.25314
0.251622
0.250103
0.248584
0.247064
0.245545
0.244025
0.242506
0.240986
0.239466
0.237946
0.236426
0.234905
0.233385
0.231865
0.230345
0.228824
0.227304
0.225784
0.224263
0.222743
0.221223
0.219702
0.218182
0.216661
0.215141
0.213621
0.2121
0.21058
0.209059
0.207539
0.206018
0.204498
0.202978
0.201457
0.199937
0.198416
0.196896
0.195375
0.193855
0.192335
0.190814
0.189294
0.187773
0.186253
0.184733
0.183212
0.181692
0.180171
0.178651
0.17713
0.17561
0.17409
0.172569
0.171049
0.169528
0.168008
0.166487
0.164967
0.163447
0.161926
0.160406
0.158885
0.157365
0.155845
0.154324
0.152804
0.151283
0.149763
0.148242
0.146722
0.145202
0.143681
0.142161
0.14064
0.13912
0.137599
0.136079
0.134559
0.133038
0.131518
0.129997
0.128477
0.126956
0.125436
0.123916
0.122395
0.120875
0.119354
0.117834
0.116313
0.114793
0.113273
0.111752
0.110232
0.108711
0.107191
0.10567
0.10415
0.10263
0.101109
0.0995887
0.0980683
0.0965479
0.0950275
0.093507
0.0919866
0.0904662
0.0889457
0.0874253
0.0859049
0.0843844
0.082864
0.0813436
0.0798232
0.0783027
0.0767823
0.0752619
0.0737414
0.072221
0.0707006
0.0691802
0.0676597
0.0661393
0.0646189
0.0630985
0.061578
0.0600576
0.0585372
0.0570168
0.0554964
0.0539759
0.0524555
0.0509351
0.0494147
0.0478942
0.0463738
0.0448534
0.043333
0.0418125
0.0402921
0.0387717
0.0372513
0.0357308
0.0342104
0.03269
0.0311696
0.0296491
0.0281287
0.0266083
0.0250879
0.0235674
0.022047
0.0205266
0.0190062
0.0174857
0.0159653
0.0144448
0.0129244
0.011404
0.00988354
0.00836309
0.00684266
0.00532218
0.0038018
0.0022813
0.000760447
0.463815
0.462455
0.459835
0.455954
0.451035
0.445425
0.439461
0.433389
0.427358
0.421465
0.415774
0.410329
0.405148
0.400233
0.39557
0.391143
0.38693
0.382913
0.379075
0.375399
0.371871
0.368478
0.365209
0.362056
0.35901
0.356065
0.353215
0.350456
0.347784
0.345194
0.342684
0.340251
0.337892
0.335603
0.333383
0.331226
0.329131
0.327092
0.325107
0.323171
0.321279
0.319427
0.317612
0.315829
0.314074
0.312344
0.310635
0.308946
0.307273
0.305615
0.303971
0.302338
0.300717
0.299107
0.297507
0.295917
0.294336
0.292765
0.291202
0.289648
0.2881
0.28656
0.285025
0.283495
0.281969
0.280446
0.278926
0.277408
0.275891
0.274375
0.27286
0.271345
0.26983
0.268314
0.266799
0.265283
0.263767
0.26225
0.260733
0.259215
0.257698
0.256179
0.254661
0.253142
0.251623
0.250104
0.248585
0.247065
0.245546
0.244026
0.242506
0.240986
0.239466
0.237946
0.236426
0.234905
0.233385
0.231865
0.230345
0.228824
0.227304
0.225784
0.224263
0.222743
0.221223
0.219702
0.218182
0.216661
0.215141
0.213621
0.2121
0.21058
0.209059
0.207539
0.206018
0.204498
0.202978
0.201457
0.199937
0.198416
0.196896
0.195375
0.193855
0.192335
0.190814
0.189294
0.187773
0.186253
0.184733
0.183212
0.181692
0.180171
0.178651
0.17713
0.17561
0.17409
0.172569
0.171049
0.169528
0.168008
0.166487
0.164967
0.163447
0.161926
0.160406
0.158885
0.157365
0.155845
0.154324
0.152804
0.151283
0.149763
0.148242
0.146722
0.145202
0.143681
0.142161
0.14064
0.13912
0.137599
0.136079
0.134559
0.133038
0.131518
0.129997
0.128477
0.126956
0.125436
0.123916
0.122395
0.120875
0.119354
0.117834
0.116313
0.114793
0.113273
0.111752
0.110232
0.108711
0.107191
0.10567
0.10415
0.10263
0.101109
0.0995887
0.0980683
0.0965479
0.0950274
0.093507
0.0919866
0.0904662
0.0889457
0.0874253
0.0859049
0.0843844
0.082864
0.0813436
0.0798232
0.0783027
0.0767823
0.0752619
0.0737414
0.072221
0.0707006
0.0691802
0.0676597
0.0661393
0.0646189
0.0630985
0.061578
0.0600576
0.0585372
0.0570168
0.0554964
0.0539759
0.0524555
0.0509351
0.0494147
0.0478942
0.0463738
0.0448534
0.043333
0.0418125
0.0402921
0.0387717
0.0372513
0.0357308
0.0342104
0.03269
0.0311695
0.0296491
0.0281287
0.0266083
0.0250878
0.0235674
0.022047
0.0205265
0.0190061
0.0174857
0.0159652
0.0144448
0.0129243
0.0114039
0.00988342
0.00836294
0.00684248
0.00532195
0.00380159
0.00228102
0.000760179
0.456935
0.455841
0.453727
0.450574
0.446528
0.441833
0.43674
0.431449
0.426099
0.420783
0.415568
0.410504
0.405619
0.400926
0.396428
0.392118
0.387986
0.384022
0.380214
0.376552
0.373025
0.369623
0.36634
0.363167
0.360097
0.357126
0.354248
0.351459
0.348756
0.346134
0.343591
0.341124
0.338729
0.336404
0.334146
0.331951
0.329816
0.327737
0.325711
0.323735
0.321803
0.319912
0.31806
0.316241
0.314453
0.312692
0.310956
0.309242
0.307546
0.305868
0.304206
0.302557
0.300921
0.299297
0.297684
0.296082
0.294489
0.292906
0.291331
0.289765
0.288207
0.286656
0.28511
0.283571
0.282036
0.280505
0.278977
0.277452
0.275929
0.274408
0.272887
0.271368
0.269849
0.268331
0.266812
0.265294
0.263776
0.262258
0.260739
0.259221
0.257702
0.256183
0.254664
0.253145
0.251625
0.250106
0.248586
0.247066
0.245546
0.244026
0.242506
0.240986
0.239466
0.237946
0.236426
0.234906
0.233385
0.231865
0.230345
0.228824
0.227304
0.225784
0.224263
0.222743
0.221223
0.219702
0.218182
0.216661
0.215141
0.213621
0.2121
0.21058
0.209059
0.207539
0.206018
0.204498
0.202978
0.201457
0.199937
0.198416
0.196896
0.195375
0.193855
0.192335
0.190814
0.189294
0.187773
0.186253
0.184733
0.183212
0.181692
0.180171
0.178651
0.17713
0.17561
0.17409
0.172569
0.171049
0.169528
0.168008
0.166487
0.164967
0.163447
0.161926
0.160406
0.158885
0.157365
0.155845
0.154324
0.152804
0.151283
0.149763
0.148242
0.146722
0.145202
0.143681
0.142161
0.14064
0.13912
0.137599
0.136079
0.134559
0.133038
0.131518
0.129997
0.128477
0.126956
0.125436
0.123916
0.122395
0.120875
0.119354
0.117834
0.116313
0.114793
0.113273
0.111752
0.110232
0.108711
0.107191
0.10567
0.10415
0.10263
0.101109
0.0995887
0.0980683
0.0965479
0.0950274
0.093507
0.0919866
0.0904662
0.0889457
0.0874253
0.0859049
0.0843844
0.082864
0.0813436
0.0798231
0.0783027
0.0767823
0.0752619
0.0737414
0.072221
0.0707006
0.0691802
0.0676597
0.0661393
0.0646189
0.0630985
0.061578
0.0600576
0.0585372
0.0570168
0.0554964
0.0539759
0.0524555
0.0509351
0.0494147
0.0478942
0.0463738
0.0448534
0.043333
0.0418125
0.0402921
0.0387717
0.0372513
0.0357308
0.0342104
0.03269
0.0311695
0.0296491
0.0281287
0.0266082
0.0250878
0.0235674
0.0220469
0.0205265
0.019006
0.0174856
0.0159652
0.0144447
0.0129242
0.0114038
0.00988331
0.0083628
0.00684233
0.00532177
0.00380144
0.00228084
0.000760015
0.451242
0.450341
0.448596
0.44598
0.44259
0.438603
0.434206
0.429559
0.424783
0.419967
0.415176
0.410461
0.405856
0.401383
0.397053
0.392869
0.388828
0.384928
0.381163
0.377525
0.37401
0.370611
0.367321
0.364136
0.36105
0.358058
0.355158
0.352345
0.349615
0.346966
0.344394
0.341897
0.339472
0.337115
0.334824
0.332595
0.330426
0.328313
0.326253
0.324241
0.322276
0.320352
0.318467
0.316618
0.314801
0.313014
0.311253
0.309516
0.3078
0.306103
0.304424
0.30276
0.30111
0.299473
0.297848
0.296233
0.294629
0.293035
0.29145
0.289874
0.288306
0.286745
0.285191
0.283642
0.282099
0.280561
0.279026
0.277494
0.275966
0.274439
0.272914
0.271391
0.269869
0.268347
0.266826
0.265306
0.263786
0.262266
0.260746
0.259226
0.257706
0.256187
0.254667
0.253147
0.251627
0.250107
0.248587
0.247067
0.245547
0.244027
0.242507
0.240987
0.239467
0.237946
0.236426
0.234906
0.233385
0.231865
0.230345
0.228824
0.227304
0.225784
0.224263
0.222743
0.221223
0.219702
0.218182
0.216661
0.215141
0.213621
0.2121
0.21058
0.209059
0.207539
0.206018
0.204498
0.202978
0.201457
0.199937
0.198416
0.196896
0.195375
0.193855
0.192335
0.190814
0.189294
0.187773
0.186253
0.184733
0.183212
0.181692
0.180171
0.178651
0.17713
0.17561
0.17409
0.172569
0.171049
0.169528
0.168008
0.166487
0.164967
0.163447
0.161926
0.160406
0.158885
0.157365
0.155844
0.154324
0.152804
0.151283
0.149763
0.148242
0.146722
0.145202
0.143681
0.142161
0.14064
0.13912
0.137599
0.136079
0.134559
0.133038
0.131518
0.129997
0.128477
0.126956
0.125436
0.123916
0.122395
0.120875
0.119354
0.117834
0.116313
0.114793
0.113273
0.111752
0.110232
0.108711
0.107191
0.10567
0.10415
0.10263
0.101109
0.0995887
0.0980683
0.0965479
0.0950274
0.093507
0.0919866
0.0904661
0.0889457
0.0874253
0.0859049
0.0843844
0.082864
0.0813436
0.0798231
0.0783027
0.0767823
0.0752619
0.0737414
0.072221
0.0707006
0.0691802
0.0676597
0.0661393
0.0646189
0.0630985
0.061578
0.0600576
0.0585372
0.0570168
0.0554964
0.0539759
0.0524555
0.0509351
0.0494147
0.0478942
0.0463738
0.0448534
0.043333
0.0418125
0.0402921
0.0387717
0.0372512
0.0357308
0.0342104
0.0326899
0.0311695
0.0296491
0.0281286
0.0266082
0.0250878
0.0235673
0.0220469
0.0205264
0.019006
0.0174855
0.0159651
0.0144446
0.0129242
0.0114037
0.00988321
0.00836268
0.0068422
0.00532164
0.00380133
0.00228074
0.000759923
0.446524
0.445766
0.444294
0.442079
0.439187
0.435748
0.431905
0.427784
0.423489
0.419099
0.414678
0.410275
0.405927
0.401662
0.397495
0.393437
0.389492
0.385662
0.381945
0.37834
0.374844
0.371454
0.368164
0.364973
0.361876
0.358871
0.355953
0.35312
0.350368
0.347696
0.3451
0.342577
0.340125
0.337741
0.335422
0.333164
0.330966
0.328823
0.326733
0.324693
0.322698
0.320746
0.318834
0.316959
0.315117
0.313307
0.311524
0.309767
0.308032
0.306319
0.304624
0.302945
0.301282
0.299633
0.297996
0.296371
0.294757
0.293153
0.291558
0.289973
0.288396
0.286826
0.285264
0.283708
0.282157
0.280612
0.279071
0.277534
0.276
0.274469
0.27294
0.271413
0.269888
0.268363
0.26684
0.265317
0.263795
0.262274
0.260753
0.259232
0.257711
0.25619
0.25467
0.25315
0.251629
0.250109
0.248589
0.247068
0.245548
0.244028
0.242508
0.240987
0.239467
0.237947
0.236426
0.234906
0.233386
0.231865
0.230345
0.228824
0.227304
0.225784
0.224263
0.222743
0.221223
0.219702
0.218182
0.216661
0.215141
0.213621
0.2121
0.21058
0.209059
0.207539
0.206018
0.204498
0.202978
0.201457
0.199937
0.198416
0.196896
0.195375
0.193855
0.192335
0.190814
0.189294
0.187773
0.186253
0.184733
0.183212
0.181692
0.180171
0.178651
0.17713
0.17561
0.17409
0.172569
0.171049
0.169528
0.168008
0.166487
0.164967
0.163447
0.161926
0.160406
0.158885
0.157365
0.155844
0.154324
0.152804
0.151283
0.149763
0.148242
0.146722
0.145202
0.143681
0.142161
0.14064
0.13912
0.137599
0.136079
0.134559
0.133038
0.131518
0.129997
0.128477
0.126956
0.125436
0.123916
0.122395
0.120875
0.119354
0.117834
0.116313
0.114793
0.113273
0.111752
0.110232
0.108711
0.107191
0.10567
0.10415
0.10263
0.101109
0.0995887
0.0980683
0.0965479
0.0950274
0.093507
0.0919866
0.0904661
0.0889457
0.0874253
0.0859049
0.0843844
0.082864
0.0813436
0.0798231
0.0783027
0.0767823
0.0752619
0.0737414
0.072221
0.0707006
0.0691802
0.0676597
0.0661393
0.0646189
0.0630985
0.061578
0.0600576
0.0585372
0.0570168
0.0554964
0.0539759
0.0524555
0.0509351
0.0494147
0.0478943
0.0463738
0.0448534
0.043333
0.0418125
0.0402921
0.0387717
0.0372512
0.0357308
0.0342104
0.0326899
0.0311695
0.0296491
0.0281286
0.0266082
0.0250877
0.0235673
0.0220469
0.0205264
0.019006
0.0174855
0.015965
0.0144446
0.0129241
0.0114036
0.00988312
0.00836259
0.00684211
0.00532155
0.00380126
0.00228068
0.000759876
0.442625
0.441973
0.440707
0.438793
0.436281
0.433267
0.429862
0.426168
0.42227
0.418239
0.414135
0.410005
0.405887
0.401811
0.397797
0.39386
0.390009
0.386249
0.382584
0.379015
0.375543
0.372165
0.368881
0.365689
0.362586
0.35957
0.356639
0.35379
0.351021
0.348329
0.345713
0.343168
0.340693
0.338286
0.335943
0.333661
0.331438
0.32927
0.327155
0.32509
0.323071
0.321095
0.31916
0.317263
0.3154
0.313569
0.311768
0.309993
0.308242
0.306513
0.304804
0.303112
0.301437
0.299776
0.298129
0.296494
0.29487
0.293257
0.291654
0.290061
0.288476
0.286899
0.285329
0.283766
0.28221
0.280659
0.279112
0.27757
0.276032
0.274496
0.272964
0.271434
0.269905
0.268378
0.266853
0.265328
0.263804
0.262281
0.260759
0.259237
0.257715
0.256194
0.254673
0.253152
0.251631
0.250111
0.24859
0.24707
0.245549
0.244029
0.242508
0.240988
0.239467
0.237947
0.236427
0.234906
0.233386
0.231865
0.230345
0.228825
0.227304
0.225784
0.224263
0.222743
0.221223
0.219702
0.218182
0.216661
0.215141
0.213621
0.2121
0.21058
0.209059
0.207539
0.206018
0.204498
0.202978
0.201457
0.199937
0.198416
0.196896
0.195375
0.193855
0.192335
0.190814
0.189294
0.187773
0.186253
0.184733
0.183212
0.181692
0.180171
0.178651
0.17713
0.17561
0.17409
0.172569
0.171049
0.169528
0.168008
0.166487
0.164967
0.163447
0.161926
0.160406
0.158885
0.157365
0.155844
0.154324
0.152804
0.151283
0.149763
0.148242
0.146722
0.145202
0.143681
0.142161
0.14064
0.13912
0.137599
0.136079
0.134559
0.133038
0.131518
0.129997
0.128477
0.126956
0.125436
0.123916
0.122395
0.120875
0.119354
0.117834
0.116313
0.114793
0.113273
0.111752
0.110232
0.108711
0.107191
0.10567
0.10415
0.10263
0.101109
0.0995887
0.0980683
0.0965479
0.0950274
0.093507
0.0919866
0.0904661
0.0889457
0.0874253
0.0859049
0.0843844
0.082864
0.0813436
0.0798231
0.0783027
0.0767823
0.0752619
0.0737414
0.072221
0.0707006
0.0691802
0.0676597
0.0661393
0.0646189
0.0630985
0.061578
0.0600576
0.0585372
0.0570168
0.0554964
0.053976
0.0524555
0.0509351
0.0494147
0.0478943
0.0463738
0.0448534
0.043333
0.0418125
0.0402921
0.0387717
0.0372512
0.0357308
0.0342104
0.0326899
0.0311695
0.029649
0.0281286
0.0266082
0.0250877
0.0235673
0.0220468
0.0205264
0.0190059
0.0174855
0.015965
0.0144445
0.012924
0.0114035
0.00988305
0.00836252
0.00684203
0.00532148
0.00380121
0.00228064
0.000759853
0.439426
0.438855
0.437743
0.436059
0.433836
0.431152
0.428092
0.424739
0.421164
0.417431
0.413594
0.409697
0.40578
0.401871
0.397995
0.394168
0.390404
0.386712
0.383098
0.379567
0.376119
0.372758
0.369482
0.366292
0.363186
0.360164
0.357223
0.354361
0.351578
0.348871
0.346237
0.343674
0.341181
0.338753
0.33639
0.334088
0.331844
0.329655
0.327519
0.325433
0.323394
0.321398
0.319444
0.317528
0.315647
0.3138
0.311982
0.310192
0.308427
0.306684
0.304963
0.30326
0.301573
0.299903
0.298246
0.296602
0.29497
0.293349
0.291738
0.290138
0.288546
0.286962
0.285387
0.283818
0.282256
0.2807
0.279149
0.277602
0.27606
0.274521
0.272985
0.271452
0.269921
0.268392
0.266864
0.265338
0.263813
0.262288
0.260765
0.259242
0.25772
0.256198
0.254676
0.253155
0.251633
0.250112
0.248591
0.247071
0.24555
0.244029
0.242509
0.240988
0.239468
0.237947
0.236427
0.234906
0.233386
0.231865
0.230345
0.228825
0.227304
0.225784
0.224263
0.222743
0.221223
0.219702
0.218182
0.216661
0.215141
0.213621
0.2121
0.21058
0.209059
0.207539
0.206018
0.204498
0.202978
0.201457
0.199937
0.198416
0.196896
0.195375
0.193855
0.192335
0.190814
0.189294
0.187773
0.186253
0.184733
0.183212
0.181692
0.180171
0.178651
0.17713
0.17561
0.17409
0.172569
0.171049
0.169528
0.168008
0.166487
0.164967
0.163447
0.161926
0.160406
0.158885
0.157365
0.155844
0.154324
0.152804
0.151283
0.149763
0.148242
0.146722
0.145201
0.143681
0.142161
0.14064
0.13912
0.137599
0.136079
0.134559
0.133038
0.131518
0.129997
0.128477
0.126956
0.125436
0.123916
0.122395
0.120875
0.119354
0.117834
0.116313
0.114793
0.113273
0.111752
0.110232
0.108711
0.107191
0.10567
0.10415
0.10263
0.101109
0.0995887
0.0980683
0.0965478
0.0950274
0.093507
0.0919866
0.0904661
0.0889457
0.0874253
0.0859049
0.0843844
0.082864
0.0813436
0.0798231
0.0783027
0.0767823
0.0752619
0.0737414
0.072221
0.0707006
0.0691802
0.0676597
0.0661393
0.0646189
0.0630985
0.061578
0.0600576
0.0585372
0.0570168
0.0554964
0.053976
0.0524555
0.0509351
0.0494147
0.0478943
0.0463738
0.0448534
0.043333
0.0418125
0.0402921
0.0387717
0.0372512
0.0357308
0.0342104
0.0326899
0.0311695
0.029649
0.0281286
0.0266081
0.0250877
0.0235672
0.0220468
0.0205263
0.0190059
0.0174854
0.0159649
0.0144445
0.012924
0.0114035
0.009883
0.00836246
0.00684198
0.00532144
0.00380118
0.00228063
0.000759843
0.43684
0.43633
0.435334
0.433823
0.431821
0.429389
0.426598
0.423514
0.420199
0.416707
0.413089
0.409387
0.405638
0.401873
0.398116
0.394388
0.390702
0.387072
0.383505
0.380008
0.376586
0.373241
0.369975
0.366789
0.363683
0.360656
0.357708
0.354838
0.352043
0.349323
0.346675
0.344098
0.341589
0.339146
0.336766
0.334446
0.332185
0.32998
0.327827
0.325723
0.323667
0.321656
0.319686
0.317754
0.315859
0.313997
0.312166
0.310363
0.308586
0.306832
0.305099
0.303386
0.301691
0.300011
0.298346
0.296694
0.295055
0.293427
0.29181
0.290203
0.288606
0.287017
0.285436
0.283863
0.282296
0.280735
0.27918
0.27763
0.276084
0.274543
0.273004
0.271468
0.269935
0.268404
0.266874
0.265347
0.26382
0.262295
0.26077
0.259247
0.257723
0.256201
0.254679
0.253157
0.251635
0.250114
0.248593
0.247072
0.245551
0.24403
0.242509
0.240989
0.239468
0.237948
0.236427
0.234907
0.233386
0.231866
0.230345
0.228825
0.227304
0.225784
0.224263
0.222743
0.221223
0.219702
0.218182
0.216661
0.215141
0.213621
0.2121
0.21058
0.209059
0.207539
0.206018
0.204498
0.202978
0.201457
0.199937
0.198416
0.196896
0.195375
0.193855
0.192335
0.190814
0.189294
0.187773
0.186253
0.184733
0.183212
0.181692
0.180171
0.178651
0.17713
0.17561
0.17409
0.172569
0.171049
0.169528
0.168008
0.166487
0.164967
0.163447
0.161926
0.160406
0.158885
0.157365
0.155844
0.154324
0.152804
0.151283
0.149763
0.148242
0.146722
0.145201
0.143681
0.142161
0.14064
0.13912
0.137599
0.136079
0.134559
0.133038
0.131518
0.129997
0.128477
0.126956
0.125436
0.123916
0.122395
0.120875
0.119354
0.117834
0.116313
0.114793
0.113273
0.111752
0.110232
0.108711
0.107191
0.10567
0.10415
0.10263
0.101109
0.0995887
0.0980683
0.0965478
0.0950274
0.093507
0.0919865
0.0904661
0.0889457
0.0874253
0.0859049
0.0843844
0.082864
0.0813436
0.0798231
0.0783027
0.0767823
0.0752619
0.0737414
0.072221
0.0707006
0.0691802
0.0676597
0.0661393
0.0646189
0.0630985
0.061578
0.0600576
0.0585372
0.0570168
0.0554964
0.053976
0.0524555
0.0509351
0.0494147
0.0478943
0.0463738
0.0448534
0.043333
0.0418125
0.0402921
0.0387717
0.0372512
0.0357308
0.0342103
0.0326899
0.0311695
0.029649
0.0281286
0.0266081
0.0250877
0.0235672
0.0220468
0.0205263
0.0190059
0.0174854
0.0159649
0.0144444
0.0129239
0.0114034
0.00988295
0.00836242
0.00684194
0.0053214
0.00380116
0.00228062
0.000759839
0.434802
0.434336
0.433427
0.432045
0.430209
0.427968
0.42538
0.422504
0.419391
0.41609
0.412647
0.409101
0.40549
0.401843
0.398186
0.39454
0.390921
0.387344
0.383819
0.380353
0.376953
0.373624
0.370368
0.367186
0.364081
0.361052
0.3581
0.355222
0.35242
0.34969
0.347031
0.344442
0.341921
0.339464
0.337071
0.334738
0.332464
0.330244
0.328078
0.325961
0.323892
0.321867
0.319884
0.31794
0.316033
0.31416
0.312318
0.310504
0.308717
0.306954
0.305213
0.303491
0.301788
0.300101
0.298429
0.296771
0.295125
0.293492
0.29187
0.290258
0.288655
0.287062
0.285477
0.283899
0.282329
0.280765
0.279207
0.277653
0.276105
0.27456
0.27302
0.271482
0.269947
0.268414
0.266883
0.265354
0.263827
0.2623
0.260775
0.25925
0.257727
0.256203
0.254681
0.253159
0.251637
0.250115
0.248594
0.247072
0.245551
0.244031
0.24251
0.240989
0.239468
0.237948
0.236427
0.234907
0.233386
0.231866
0.230345
0.228825
0.227304
0.225784
0.224263
0.222743
0.221223
0.219702
0.218182
0.216661
0.215141
0.213621
0.2121
0.21058
0.209059
0.207539
0.206018
0.204498
0.202978
0.201457
0.199937
0.198416
0.196896
0.195375
0.193855
0.192335
0.190814
0.189294
0.187773
0.186253
0.184733
0.183212
0.181692
0.180171
0.178651
0.17713
0.17561
0.17409
0.172569
0.171049
0.169528
0.168008
0.166487
0.164967
0.163447
0.161926
0.160406
0.158885
0.157365
0.155844
0.154324
0.152804
0.151283
0.149763
0.148242
0.146722
0.145201
0.143681
0.142161
0.14064
0.13912
0.137599
0.136079
0.134559
0.133038
0.131518
0.129997
0.128477
0.126956
0.125436
0.123916
0.122395
0.120875
0.119354
0.117834
0.116313
0.114793
0.113273
0.111752
0.110232
0.108711
0.107191
0.10567
0.10415
0.10263
0.101109
0.0995887
0.0980683
0.0965478
0.0950274
0.093507
0.0919865
0.0904661
0.0889457
0.0874253
0.0859049
0.0843844
0.082864
0.0813436
0.0798231
0.0783027
0.0767823
0.0752619
0.0737414
0.072221
0.0707006
0.0691802
0.0676597
0.0661393
0.0646189
0.0630985
0.0615781
0.0600576
0.0585372
0.0570168
0.0554964
0.053976
0.0524555
0.0509351
0.0494147
0.0478943
0.0463738
0.0448534
0.043333
0.0418125
0.0402921
0.0387717
0.0372512
0.0357308
0.0342103
0.0326899
0.0311695
0.029649
0.0281286
0.0266081
0.0250877
0.0235672
0.0220468
0.0205263
0.0190058
0.0174854
0.0159649
0.0144444
0.0129239
0.0114034
0.00988291
0.00836238
0.00684191
0.00532138
0.00380114
0.00228061
0.000759837
0.433262
0.432828
0.431982
0.430694
0.428977
0.426875
0.424438
0.421715
0.418753
0.415596
0.412285
0.40886
0.405355
0.4018
0.398222
0.394641
0.391076
0.387542
0.384051
0.380611
0.37723
0.373914
0.370667
0.36749
0.364386
0.361357
0.358401
0.355519
0.35271
0.349973
0.347306
0.344708
0.342177
0.339711
0.337308
0.334965
0.332679
0.33045
0.328273
0.326146
0.324066
0.322032
0.320039
0.318086
0.31617
0.314288
0.312437
0.310616
0.308821
0.30705
0.305302
0.303574
0.301864
0.300171
0.298494
0.296831
0.295181
0.293543
0.291916
0.2903
0.288694
0.287097
0.285509
0.283928
0.282355
0.280788
0.279227
0.277672
0.276121
0.274575
0.273032
0.271493
0.269956
0.268422
0.26689
0.26536
0.263832
0.262304
0.260778
0.259253
0.257729
0.256206
0.254683
0.25316
0.251638
0.250116
0.248595
0.247073
0.245552
0.244031
0.24251
0.240989
0.239469
0.237948
0.236427
0.234907
0.233386
0.231866
0.230345
0.228825
0.227304
0.225784
0.224264
0.222743
0.221223
0.219702
0.218182
0.216661
0.215141
0.213621
0.2121
0.21058
0.209059
0.207539
0.206018
0.204498
0.202978
0.201457
0.199937
0.198416
0.196896
0.195375
0.193855
0.192335
0.190814
0.189294
0.187773
0.186253
0.184733
0.183212
0.181692
0.180171
0.178651
0.17713
0.17561
0.17409
0.172569
0.171049
0.169528
0.168008
0.166487
0.164967
0.163447
0.161926
0.160406
0.158885
0.157365
0.155844
0.154324
0.152804
0.151283
0.149763
0.148242
0.146722
0.145201
0.143681
0.142161
0.14064
0.13912
0.137599
0.136079
0.134558
0.133038
0.131518
0.129997
0.128477
0.126956
0.125436
0.123916
0.122395
0.120875
0.119354
0.117834
0.116313
0.114793
0.113273
0.111752
0.110232
0.108711
0.107191
0.10567
0.10415
0.10263
0.101109
0.0995887
0.0980683
0.0965478
0.0950274
0.093507
0.0919865
0.0904661
0.0889457
0.0874253
0.0859048
0.0843844
0.082864
0.0813436
0.0798232
0.0783027
0.0767823
0.0752619
0.0737414
0.072221
0.0707006
0.0691802
0.0676597
0.0661393
0.0646189
0.0630985
0.0615781
0.0600576
0.0585372
0.0570168
0.0554964
0.053976
0.0524555
0.0509351
0.0494147
0.0478943
0.0463738
0.0448534
0.043333
0.0418125
0.0402921
0.0387717
0.0372512
0.0357308
0.0342103
0.0326899
0.0311694
0.029649
0.0281286
0.0266081
0.0250877
0.0235672
0.0220467
0.0205263
0.0190058
0.0174853
0.0159649
0.0144444
0.0129239
0.0114034
0.00988289
0.00836236
0.00684189
0.00532136
0.00380113
0.0022806
0.000759836
0.432185
0.431774
0.43097
0.429744
0.428109
0.426101
0.423767
0.42115
0.418292
0.415236
0.412018
0.408678
0.405249
0.40176
0.398238
0.394704
0.391179
0.387676
0.38421
0.380789
0.377423
0.374117
0.370876
0.367704
0.364602
0.361572
0.358614
0.355729
0.352916
0.350173
0.347501
0.344897
0.34236
0.339887
0.337476
0.335126
0.332833
0.330596
0.328412
0.326278
0.324191
0.322149
0.32015
0.31819
0.316268
0.314379
0.312523
0.310696
0.308895
0.307119
0.305366
0.303633
0.301919
0.300222
0.298541
0.296874
0.29522
0.293579
0.29195
0.290331
0.288722
0.287122
0.285532
0.283949
0.282373
0.280805
0.279242
0.277685
0.276133
0.274585
0.273041
0.2715
0.269963
0.268428
0.266895
0.265364
0.263835
0.262308
0.260781
0.259256
0.257731
0.256207
0.254684
0.253161
0.251639
0.250117
0.248595
0.247074
0.245553
0.244031
0.24251
0.24099
0.239469
0.237948
0.236428
0.234907
0.233386
0.231866
0.230345
0.228825
0.227304
0.225784
0.224264
0.222743
0.221223
0.219702
0.218182
0.216661
0.215141
0.213621
0.2121
0.21058
0.209059
0.207539
0.206018
0.204498
0.202978
0.201457
0.199937
0.198416
0.196896
0.195375
0.193855
0.192335
0.190814
0.189294
0.187773
0.186253
0.184733
0.183212
0.181692
0.180171
0.178651
0.17713
0.17561
0.17409
0.172569
0.171049
0.169528
0.168008
0.166487
0.164967
0.163447
0.161926
0.160406
0.158885
0.157365
0.155844
0.154324
0.152804
0.151283
0.149763
0.148242
0.146722
0.145201
0.143681
0.142161
0.14064
0.13912
0.137599
0.136079
0.134558
0.133038
0.131518
0.129997
0.128477
0.126956
0.125436
0.123916
0.122395
0.120875
0.119354
0.117834
0.116313
0.114793
0.113273
0.111752
0.110232
0.108711
0.107191
0.10567
0.10415
0.10263
0.101109
0.0995887
0.0980682
0.0965478
0.0950274
0.093507
0.0919865
0.0904661
0.0889457
0.0874253
0.0859048
0.0843844
0.082864
0.0813436
0.0798232
0.0783027
0.0767823
0.0752619
0.0737414
0.072221
0.0707006
0.0691802
0.0676597
0.0661393
0.0646189
0.0630985
0.0615781
0.0600576
0.0585372
0.0570168
0.0554964
0.053976
0.0524556
0.0509351
0.0494147
0.0478943
0.0463739
0.0448534
0.043333
0.0418125
0.0402921
0.0387717
0.0372512
0.0357308
0.0342103
0.0326899
0.0311694
0.029649
0.0281285
0.0266081
0.0250876
0.0235672
0.0220467
0.0205263
0.0190058
0.0174853
0.0159648
0.0144443
0.0129239
0.0114034
0.00988287
0.00836234
0.00684187
0.00532135
0.00380112
0.0022806
0.000759836
0.431548
0.431149
0.43037
0.429181
0.427592
0.42564
0.423365
0.42081
0.418014
0.415017
0.411855
0.408566
0.405181
0.401732
0.398244
0.394739
0.391237
0.387754
0.384303
0.380894
0.377537
0.374237
0.371001
0.367831
0.36473
0.3617
0.358741
0.355854
0.353038
0.350293
0.347618
0.34501
0.342469
0.339992
0.337577
0.335222
0.332925
0.330684
0.328495
0.326357
0.324266
0.32222
0.320217
0.318253
0.316327
0.314435
0.312575
0.310744
0.30894
0.307161
0.305405
0.303669
0.301952
0.300253
0.298569
0.2969
0.295244
0.293601
0.29197
0.290349
0.288739
0.287138
0.285546
0.283961
0.282385
0.280815
0.279251
0.277693
0.27614
0.274591
0.273046
0.271505
0.269967
0.268432
0.266898
0.265367
0.263838
0.26231
0.260783
0.259257
0.257732
0.256208
0.254685
0.253162
0.251639
0.250117
0.248596
0.247074
0.245553
0.244032
0.242511
0.24099
0.239469
0.237948
0.236428
0.234907
0.233386
0.231866
0.230345
0.228825
0.227304
0.225784
0.224264
0.222743
0.221223
0.219702
0.218182
0.216661
0.215141
0.213621
0.2121
0.21058
0.209059
0.207539
0.206018
0.204498
0.202978
0.201457
0.199937
0.198416
0.196896
0.195375
0.193855
0.192335
0.190814
0.189294
0.187773
0.186253
0.184733
0.183212
0.181692
0.180171
0.178651
0.17713
0.17561
0.17409
0.172569
0.171049
0.169528
0.168008
0.166487
0.164967
0.163447
0.161926
0.160406
0.158885
0.157365
0.155844
0.154324
0.152804
0.151283
0.149763
0.148242
0.146722
0.145201
0.143681
0.142161
0.14064
0.13912
0.137599
0.136079
0.134558
0.133038
0.131518
0.129997
0.128477
0.126956
0.125436
0.123916
0.122395
0.120875
0.119354
0.117834
0.116313
0.114793
0.113273
0.111752
0.110232
0.108711
0.107191
0.10567
0.10415
0.10263
0.101109
0.0995887
0.0980682
0.0965478
0.0950274
0.093507
0.0919865
0.0904661
0.0889457
0.0874253
0.0859049
0.0843844
0.082864
0.0813436
0.0798232
0.0783027
0.0767823
0.0752619
0.0737414
0.072221
0.0707006
0.0691802
0.0676597
0.0661393
0.0646189
0.0630985
0.0615781
0.0600576
0.0585372
0.0570168
0.0554964
0.053976
0.0524556
0.0509351
0.0494147
0.0478943
0.0463739
0.0448534
0.043333
0.0418125
0.0402921
0.0387717
0.0372512
0.0357308
0.0342103
0.0326899
0.0311694
0.029649
0.0281285
0.0266081
0.0250876
0.0235672
0.0220467
0.0205263
0.0190058
0.0174853
0.0159648
0.0144443
0.0129238
0.0114033
0.00988286
0.00836233
0.00684186
0.00532134
0.00380111
0.0022806
0.000759836
0.431337
0.430943
0.430171
0.428994
0.427421
0.425487
0.423232
0.420697
0.417922
0.414943
0.4118
0.408527
0.405158
0.401722
0.398245
0.39475
0.391256
0.387779
0.384333
0.380929
0.377574
0.374277
0.371042
0.367873
0.364773
0.361742
0.358783
0.355896
0.353079
0.350333
0.347657
0.345048
0.342505
0.340027
0.33761
0.335254
0.332956
0.330713
0.328523
0.326383
0.324291
0.322244
0.320239
0.318274
0.316346
0.314453
0.312592
0.31076
0.308955
0.307175
0.305418
0.303681
0.301964
0.300263
0.298579
0.296909
0.295252
0.293609
0.291977
0.290355
0.288744
0.287143
0.28555
0.283966
0.282389
0.280818
0.279254
0.277696
0.276142
0.274593
0.273048
0.271507
0.269968
0.268433
0.266899
0.265368
0.263838
0.26231
0.260783
0.259258
0.257733
0.256209
0.254685
0.253162
0.25164
0.250118
0.248596
0.247074
0.245553
0.244032
0.242511
0.24099
0.239469
0.237948
0.236428
0.234907
0.233386
0.231866
0.230345
0.228825
0.227304
0.225784
0.224264
0.222743
0.221223
0.219702
0.218182
0.216661
0.215141
0.213621
0.2121
0.21058
0.209059
0.207539
0.206018
0.204498
0.202978
0.201457
0.199937
0.198416
0.196896
0.195375
0.193855
0.192335
0.190814
0.189294
0.187773
0.186253
0.184733
0.183212
0.181692
0.180171
0.178651
0.17713
0.17561
0.17409
0.172569
0.171049
0.169528
0.168008
0.166487
0.164967
0.163447
0.161926
0.160406
0.158885
0.157365
0.155844
0.154324
0.152804
0.151283
0.149763
0.148242
0.146722
0.145201
0.143681
0.142161
0.14064
0.13912
0.137599
0.136079
0.134558
0.133038
0.131518
0.129997
0.128477
0.126956
0.125436
0.123916
0.122395
0.120875
0.119354
0.117834
0.116313
0.114793
0.113273
0.111752
0.110232
0.108711
0.107191
0.10567
0.10415
0.10263
0.101109
0.0995887
0.0980682
0.0965478
0.0950274
0.093507
0.0919865
0.0904661
0.0889457
0.0874253
0.0859049
0.0843844
0.082864
0.0813436
0.0798232
0.0783027
0.0767823
0.0752619
0.0737414
0.072221
0.0707006
0.0691802
0.0676597
0.0661393
0.0646189
0.0630985
0.0615781
0.0600577
0.0585372
0.0570168
0.0554964
0.053976
0.0524556
0.0509351
0.0494147
0.0478943
0.0463739
0.0448534
0.043333
0.0418125
0.0402921
0.0387717
0.0372512
0.0357308
0.0342103
0.0326899
0.0311694
0.029649
0.0281285
0.0266081
0.0250876
0.0235672
0.0220467
0.0205262
0.0190058
0.0174853
0.0159648
0.0144443
0.0129238
0.0114033
0.00988285
0.00836232
0.00684186
0.00532134
0.00380111
0.0022806
0.000759837
0.431548
0.431149
0.43037
0.429181
0.427592
0.42564
0.423365
0.42081
0.418014
0.415017
0.411855
0.408565
0.405181
0.401732
0.398243
0.394739
0.391237
0.387754
0.384303
0.380894
0.377537
0.374237
0.371001
0.367831
0.36473
0.3617
0.358741
0.355854
0.353038
0.350293
0.347618
0.34501
0.342469
0.339992
0.337577
0.335222
0.332925
0.330684
0.328495
0.326357
0.324266
0.32222
0.320217
0.318253
0.316327
0.314435
0.312575
0.310744
0.30894
0.307161
0.305405
0.303669
0.301953
0.300253
0.298569
0.2969
0.295245
0.293601
0.29197
0.290349
0.288739
0.287138
0.285546
0.283962
0.282385
0.280815
0.279251
0.277693
0.27614
0.274591
0.273047
0.271505
0.269967
0.268432
0.266898
0.265367
0.263838
0.26231
0.260783
0.259257
0.257732
0.256208
0.254685
0.253162
0.251639
0.250117
0.248596
0.247074
0.245553
0.244032
0.242511
0.24099
0.239469
0.237948
0.236428
0.234907
0.233386
0.231866
0.230345
0.228825
0.227304
0.225784
0.224264
0.222743
0.221223
0.219702
0.218182
0.216661
0.215141
0.213621
0.2121
0.21058
0.209059
0.207539
0.206018
0.204498
0.202978
0.201457
0.199937
0.198416
0.196896
0.195375
0.193855
0.192335
0.190814
0.189294
0.187773
0.186253
0.184733
0.183212
0.181692
0.180171
0.178651
0.17713
0.17561
0.17409
0.172569
0.171049
0.169528
0.168008
0.166487
0.164967
0.163447
0.161926
0.160406
0.158885
0.157365
0.155844
0.154324
0.152804
0.151283
0.149763
0.148242
0.146722
0.145201
0.143681
0.142161
0.14064
0.13912
0.137599
0.136079
0.134558
0.133038
0.131518
0.129997
0.128477
0.126956
0.125436
0.123916
0.122395
0.120875
0.119354
0.117834
0.116313
0.114793
0.113273
0.111752
0.110232
0.108711
0.107191
0.10567
0.10415
0.10263
0.101109
0.0995887
0.0980682
0.0965478
0.0950274
0.093507
0.0919865
0.0904661
0.0889457
0.0874253
0.0859049
0.0843844
0.082864
0.0813436
0.0798232
0.0783027
0.0767823
0.0752619
0.0737414
0.072221
0.0707006
0.0691802
0.0676597
0.0661393
0.0646189
0.0630985
0.0615781
0.0600577
0.0585372
0.0570168
0.0554964
0.053976
0.0524556
0.0509351
0.0494147
0.0478943
0.0463739
0.0448534
0.043333
0.0418125
0.0402921
0.0387717
0.0372512
0.0357308
0.0342103
0.0326899
0.0311694
0.029649
0.0281285
0.0266081
0.0250876
0.0235672
0.0220467
0.0205262
0.0190058
0.0174853
0.0159648
0.0144443
0.0129238
0.0114033
0.00988285
0.00836232
0.00684186
0.00532134
0.00380111
0.0022806
0.000759838
0.432185
0.431773
0.430969
0.429744
0.428109
0.426101
0.423767
0.42115
0.418292
0.415235
0.412018
0.408678
0.405249
0.40176
0.398237
0.394704
0.391178
0.387676
0.384209
0.380789
0.377423
0.374117
0.370876
0.367704
0.364602
0.361571
0.358614
0.355729
0.352915
0.350173
0.347501
0.344897
0.342359
0.339886
0.337476
0.335126
0.332833
0.330596
0.328412
0.326278
0.324191
0.322149
0.32015
0.318191
0.316268
0.31438
0.312523
0.310696
0.308896
0.30712
0.305367
0.303634
0.30192
0.300223
0.298541
0.296874
0.295221
0.29358
0.29195
0.290331
0.288722
0.287123
0.285532
0.283949
0.282374
0.280805
0.279242
0.277685
0.276133
0.274585
0.273041
0.271501
0.269963
0.268428
0.266895
0.265365
0.263835
0.262308
0.260781
0.259256
0.257731
0.256207
0.254684
0.253161
0.251639
0.250117
0.248595
0.247074
0.245553
0.244031
0.242511
0.24099
0.239469
0.237948
0.236428
0.234907
0.233386
0.231866
0.230345
0.228825
0.227304
0.225784
0.224264
0.222743
0.221223
0.219702
0.218182
0.216661
0.215141
0.213621
0.2121
0.21058
0.209059
0.207539
0.206018
0.204498
0.202978
0.201457
0.199937
0.198416
0.196896
0.195375
0.193855
0.192335
0.190814
0.189294
0.187773
0.186253
0.184732
0.183212
0.181692
0.180171
0.178651
0.17713
0.17561
0.17409
0.172569
0.171049
0.169528
0.168008
0.166487
0.164967
0.163447
0.161926
0.160406
0.158885
0.157365
0.155844
0.154324
0.152804
0.151283
0.149763
0.148242
0.146722
0.145201
0.143681
0.142161
0.14064
0.13912
0.137599
0.136079
0.134558
0.133038
0.131518
0.129997
0.128477
0.126956
0.125436
0.123916
0.122395
0.120875
0.119354
0.117834
0.116313
0.114793
0.113273
0.111752
0.110232
0.108711
0.107191
0.10567
0.10415
0.10263
0.101109
0.0995887
0.0980682
0.0965478
0.0950274
0.093507
0.0919865
0.0904661
0.0889457
0.0874253
0.0859049
0.0843844
0.082864
0.0813436
0.0798232
0.0783027
0.0767823
0.0752619
0.0737415
0.072221
0.0707006
0.0691802
0.0676598
0.0661393
0.0646189
0.0630985
0.0615781
0.0600577
0.0585372
0.0570168
0.0554964
0.053976
0.0524556
0.0509351
0.0494147
0.0478943
0.0463739
0.0448534
0.043333
0.0418125
0.0402921
0.0387717
0.0372512
0.0357308
0.0342103
0.0326899
0.0311694
0.029649
0.0281285
0.0266081
0.0250876
0.0235672
0.0220467
0.0205262
0.0190058
0.0174853
0.0159648
0.0144443
0.0129238
0.0114033
0.00988286
0.00836233
0.00684186
0.00532134
0.00380112
0.0022806
0.000759838
0.433261
0.432828
0.431982
0.430693
0.428977
0.426874
0.424437
0.421715
0.418752
0.415595
0.412285
0.40886
0.405355
0.4018
0.398221
0.394641
0.391076
0.387542
0.38405
0.380611
0.37723
0.373914
0.370666
0.36749
0.364386
0.361356
0.3584
0.355518
0.352709
0.349972
0.347306
0.344708
0.342177
0.339711
0.337307
0.334964
0.332679
0.330449
0.328272
0.326146
0.324066
0.322032
0.320039
0.318086
0.31617
0.314288
0.312437
0.310616
0.308821
0.307051
0.305303
0.303574
0.301865
0.300172
0.298495
0.296831
0.295181
0.293543
0.291917
0.290301
0.288695
0.287098
0.285509
0.283929
0.282355
0.280788
0.279228
0.277672
0.276121
0.274575
0.273032
0.271493
0.269956
0.268422
0.26689
0.26536
0.263832
0.262305
0.260779
0.259254
0.257729
0.256206
0.254683
0.25316
0.251638
0.250116
0.248595
0.247073
0.245552
0.244031
0.24251
0.240989
0.239469
0.237948
0.236427
0.234907
0.233386
0.231866
0.230345
0.228825
0.227304
0.225784
0.224264
0.222743
0.221223
0.219702
0.218182
0.216661
0.215141
0.213621
0.2121
0.21058
0.209059
0.207539
0.206018
0.204498
0.202978
0.201457
0.199937
0.198416
0.196896
0.195375
0.193855
0.192335
0.190814
0.189294
0.187773
0.186253
0.184732
0.183212
0.181692
0.180171
0.178651
0.17713
0.17561
0.17409
0.172569
0.171049
0.169528
0.168008
0.166487
0.164967
0.163447
0.161926
0.160406
0.158885
0.157365
0.155844
0.154324
0.152804
0.151283
0.149763
0.148242
0.146722
0.145201
0.143681
0.142161
0.14064
0.13912
0.137599
0.136079
0.134558
0.133038
0.131518
0.129997
0.128477
0.126956
0.125436
0.123916
0.122395
0.120875
0.119354
0.117834
0.116313
0.114793
0.113273
0.111752
0.110232
0.108711
0.107191
0.10567
0.10415
0.10263
0.101109
0.0995887
0.0980682
0.0965478
0.0950274
0.093507
0.0919865
0.0904661
0.0889457
0.0874253
0.0859049
0.0843844
0.082864
0.0813436
0.0798232
0.0783027
0.0767823
0.0752619
0.0737415
0.072221
0.0707006
0.0691802
0.0676598
0.0661393
0.0646189
0.0630985
0.0615781
0.0600577
0.0585373
0.0570168
0.0554964
0.053976
0.0524556
0.0509351
0.0494147
0.0478943
0.0463739
0.0448534
0.043333
0.0418125
0.0402921
0.0387717
0.0372512
0.0357308
0.0342103
0.0326899
0.0311694
0.029649
0.0281286
0.0266081
0.0250876
0.0235672
0.0220467
0.0205263
0.0190058
0.0174853
0.0159648
0.0144443
0.0129239
0.0114034
0.00988287
0.00836234
0.00684187
0.00532135
0.00380112
0.0022806
0.000759839
0.434801
0.434336
0.433427
0.432045
0.430209
0.427967
0.42538
0.422503
0.41939
0.41609
0.412646
0.409101
0.405489
0.401842
0.398185
0.394539
0.390921
0.387344
0.383818
0.380353
0.376953
0.373623
0.370367
0.367186
0.364081
0.361052
0.358099
0.355222
0.352419
0.349689
0.347031
0.344442
0.34192
0.339464
0.337071
0.334738
0.332463
0.330244
0.328077
0.325961
0.323892
0.321867
0.319884
0.317941
0.316034
0.31416
0.312318
0.310505
0.308718
0.306955
0.305214
0.303492
0.301789
0.300102
0.29843
0.296772
0.295126
0.293493
0.29187
0.290258
0.288656
0.287063
0.285477
0.2839
0.28233
0.280765
0.279207
0.277654
0.276105
0.274561
0.27302
0.271482
0.269947
0.268414
0.266883
0.265354
0.263827
0.2623
0.260775
0.259251
0.257727
0.256204
0.254681
0.253159
0.251637
0.250115
0.248594
0.247073
0.245552
0.244031
0.24251
0.240989
0.239468
0.237948
0.236427
0.234907
0.233386
0.231866
0.230345
0.228825
0.227304
0.225784
0.224264
0.222743
0.221223
0.219702
0.218182
0.216661
0.215141
0.213621
0.2121
0.21058
0.209059
0.207539
0.206018
0.204498
0.202978
0.201457
0.199937
0.198416
0.196896
0.195375
0.193855
0.192335
0.190814
0.189294
0.187773
0.186253
0.184732
0.183212
0.181692
0.180171
0.178651
0.17713
0.17561
0.17409
0.172569
0.171049
0.169528
0.168008
0.166487
0.164967
0.163447
0.161926
0.160406
0.158885
0.157365
0.155844
0.154324
0.152804
0.151283
0.149763
0.148242
0.146722
0.145201
0.143681
0.142161
0.14064
0.13912
0.137599
0.136079
0.134558
0.133038
0.131518
0.129997
0.128477
0.126956
0.125436
0.123916
0.122395
0.120875
0.119354
0.117834
0.116313
0.114793
0.113273
0.111752
0.110232
0.108711
0.107191
0.10567
0.10415
0.10263
0.101109
0.0995887
0.0980682
0.0965478
0.0950274
0.093507
0.0919865
0.0904661
0.0889457
0.0874253
0.0859049
0.0843844
0.082864
0.0813436
0.0798232
0.0783027
0.0767823
0.0752619
0.0737415
0.072221
0.0707006
0.0691802
0.0676598
0.0661394
0.0646189
0.0630985
0.0615781
0.0600577
0.0585373
0.0570168
0.0554964
0.053976
0.0524556
0.0509351
0.0494147
0.0478943
0.0463739
0.0448534
0.043333
0.0418125
0.0402921
0.0387717
0.0372512
0.0357308
0.0342103
0.0326899
0.0311695
0.029649
0.0281286
0.0266081
0.0250877
0.0235672
0.0220467
0.0205263
0.0190058
0.0174853
0.0159648
0.0144444
0.0129239
0.0114034
0.00988288
0.00836236
0.00684189
0.00532136
0.00380113
0.00228061
0.00075984
0.43684
0.436329
0.435334
0.433823
0.431821
0.429389
0.426597
0.423513
0.420198
0.416707
0.413089
0.409387
0.405638
0.401872
0.398116
0.394387
0.390702
0.387071
0.383505
0.380008
0.376585
0.37324
0.369974
0.366788
0.363682
0.360655
0.357707
0.354837
0.352043
0.349323
0.346675
0.344098
0.341588
0.339145
0.336765
0.334446
0.332185
0.329979
0.327826
0.325723
0.323667
0.321656
0.319686
0.317755
0.315859
0.313997
0.312166
0.310364
0.308586
0.306833
0.3051
0.303387
0.301692
0.300012
0.298347
0.296695
0.295056
0.293428
0.291811
0.290204
0.288607
0.287018
0.285437
0.283863
0.282297
0.280736
0.279181
0.277631
0.276085
0.274543
0.273004
0.271469
0.269935
0.268404
0.266875
0.265347
0.263821
0.262295
0.260771
0.259247
0.257724
0.256201
0.254679
0.253157
0.251635
0.250114
0.248593
0.247072
0.245551
0.24403
0.242509
0.240989
0.239468
0.237948
0.236427
0.234907
0.233386
0.231866
0.230345
0.228825
0.227304
0.225784
0.224264
0.222743
0.221223
0.219702
0.218182
0.216661
0.215141
0.213621
0.2121
0.21058
0.209059
0.207539
0.206018
0.204498
0.202978
0.201457
0.199937
0.198416
0.196896
0.195375
0.193855
0.192335
0.190814
0.189294
0.187773
0.186253
0.184732
0.183212
0.181692
0.180171
0.178651
0.17713
0.17561
0.174089
0.172569
0.171049
0.169528
0.168008
0.166487
0.164967
0.163447
0.161926
0.160406
0.158885
0.157365
0.155844
0.154324
0.152804
0.151283
0.149763
0.148242
0.146722
0.145201
0.143681
0.142161
0.14064
0.13912
0.137599
0.136079
0.134558
0.133038
0.131518
0.129997
0.128477
0.126956
0.125436
0.123915
0.122395
0.120875
0.119354
0.117834
0.116313
0.114793
0.113273
0.111752
0.110232
0.108711
0.107191
0.10567
0.10415
0.10263
0.101109
0.0995887
0.0980683
0.0965478
0.0950274
0.093507
0.0919866
0.0904661
0.0889457
0.0874253
0.0859049
0.0843844
0.082864
0.0813436
0.0798232
0.0783027
0.0767823
0.0752619
0.0737415
0.072221
0.0707006
0.0691802
0.0676598
0.0661394
0.0646189
0.0630985
0.0615781
0.0600577
0.0585373
0.0570168
0.0554964
0.053976
0.0524556
0.0509351
0.0494147
0.0478943
0.0463739
0.0448534
0.043333
0.0418125
0.0402921
0.0387717
0.0372512
0.0357308
0.0342103
0.0326899
0.0311695
0.029649
0.0281286
0.0266081
0.0250877
0.0235672
0.0220467
0.0205263
0.0190058
0.0174853
0.0159649
0.0144444
0.0129239
0.0114034
0.00988291
0.00836238
0.00684191
0.00532138
0.00380114
0.00228061
0.000759841
0.439425
0.438854
0.437742
0.436058
0.433836
0.431151
0.428091
0.424738
0.421164
0.417431
0.413593
0.409697
0.405779
0.40187
0.397994
0.394168
0.390404
0.386712
0.383098
0.379566
0.376119
0.372757
0.369481
0.366291
0.363185
0.360163
0.357222
0.354361
0.351577
0.34887
0.346236
0.343673
0.34118
0.338753
0.336389
0.334087
0.331843
0.329655
0.327519
0.325433
0.323394
0.321398
0.319444
0.317528
0.315648
0.3138
0.311983
0.310193
0.308428
0.306686
0.304964
0.303261
0.301575
0.299904
0.298247
0.296603
0.294971
0.29335
0.29174
0.290139
0.288547
0.286964
0.285388
0.283819
0.282257
0.280701
0.27915
0.277603
0.276061
0.274522
0.272986
0.271453
0.269921
0.268392
0.266865
0.265338
0.263813
0.262289
0.260765
0.259242
0.25772
0.256198
0.254676
0.253155
0.251634
0.250113
0.248592
0.247071
0.24555
0.244029
0.242509
0.240988
0.239468
0.237947
0.236427
0.234906
0.233386
0.231866
0.230345
0.228825
0.227304
0.225784
0.224264
0.222743
0.221223
0.219702
0.218182
0.216661
0.215141
0.213621
0.2121
0.21058
0.209059
0.207539
0.206018
0.204498
0.202978
0.201457
0.199937
0.198416
0.196896
0.195375
0.193855
0.192335
0.190814
0.189294
0.187773
0.186253
0.184732
0.183212
0.181692
0.180171
0.178651
0.17713
0.17561
0.174089
0.172569
0.171049
0.169528
0.168008
0.166487
0.164967
0.163447
0.161926
0.160406
0.158885
0.157365
0.155844
0.154324
0.152803
0.151283
0.149763
0.148242
0.146722
0.145201
0.143681
0.142161
0.14064
0.13912
0.137599
0.136079
0.134558
0.133038
0.131518
0.129997
0.128477
0.126956
0.125436
0.123915
0.122395
0.120875
0.119354
0.117834
0.116313
0.114793
0.113273
0.111752
0.110232
0.108711
0.107191
0.10567
0.10415
0.10263
0.101109
0.0995887
0.0980683
0.0965478
0.0950274
0.093507
0.0919866
0.0904661
0.0889457
0.0874253
0.0859049
0.0843844
0.082864
0.0813436
0.0798232
0.0783027
0.0767823
0.0752619
0.0737415
0.0722211
0.0707006
0.0691802
0.0676598
0.0661394
0.0646189
0.0630985
0.0615781
0.0600577
0.0585373
0.0570168
0.0554964
0.053976
0.0524556
0.0509351
0.0494147
0.0478943
0.0463739
0.0448534
0.043333
0.0418126
0.0402921
0.0387717
0.0372512
0.0357308
0.0342104
0.0326899
0.0311695
0.029649
0.0281286
0.0266081
0.0250877
0.0235672
0.0220468
0.0205263
0.0190058
0.0174854
0.0159649
0.0144444
0.0129239
0.0114034
0.00988294
0.00836241
0.00684193
0.0053214
0.00380116
0.00228062
0.000759844
0.442624
0.441973
0.440706
0.438793
0.43628
0.433266
0.429862
0.426167
0.422269
0.418239
0.414134
0.410004
0.405887
0.401811
0.397797
0.393859
0.390008
0.386248
0.382583
0.379015
0.375542
0.372164
0.36888
0.365688
0.362585
0.359569
0.356638
0.353789
0.35102
0.348328
0.345712
0.343167
0.340693
0.338285
0.335942
0.33366
0.331437
0.32927
0.327155
0.32509
0.323071
0.321095
0.31916
0.317263
0.3154
0.31357
0.311768
0.309994
0.308243
0.306514
0.304805
0.303114
0.301439
0.299778
0.29813
0.296495
0.294872
0.293259
0.291656
0.290062
0.288477
0.2869
0.28533
0.283768
0.282211
0.28066
0.279113
0.277571
0.276033
0.274497
0.272965
0.271434
0.269906
0.268379
0.266853
0.265329
0.263805
0.262282
0.260759
0.259237
0.257716
0.256194
0.254673
0.253152
0.251632
0.250111
0.24859
0.24707
0.245549
0.244029
0.242508
0.240988
0.239468
0.237947
0.236427
0.234906
0.233386
0.231866
0.230345
0.228825
0.227304
0.225784
0.224264
0.222743
0.221223
0.219702
0.218182
0.216661
0.215141
0.213621
0.2121
0.21058
0.209059
0.207539
0.206018
0.204498
0.202978
0.201457
0.199937
0.198416
0.196896
0.195375
0.193855
0.192335
0.190814
0.189294
0.187773
0.186253
0.184732
0.183212
0.181692
0.180171
0.178651
0.17713
0.17561
0.174089
0.172569
0.171049
0.169528
0.168008
0.166487
0.164967
0.163446
0.161926
0.160406
0.158885
0.157365
0.155844
0.154324
0.152803
0.151283
0.149763
0.148242
0.146722
0.145201
0.143681
0.142161
0.14064
0.13912
0.137599
0.136079
0.134558
0.133038
0.131518
0.129997
0.128477
0.126956
0.125436
0.123915
0.122395
0.120875
0.119354
0.117834
0.116313
0.114793
0.113273
0.111752
0.110232
0.108711
0.107191
0.10567
0.10415
0.10263
0.101109
0.0995887
0.0980683
0.0965478
0.0950274
0.093507
0.0919866
0.0904661
0.0889457
0.0874253
0.0859049
0.0843844
0.082864
0.0813436
0.0798232
0.0783028
0.0767823
0.0752619
0.0737415
0.0722211
0.0707006
0.0691802
0.0676598
0.0661394
0.064619
0.0630985
0.0615781
0.0600577
0.0585373
0.0570168
0.0554964
0.053976
0.0524556
0.0509351
0.0494147
0.0478943
0.0463739
0.0448534
0.043333
0.0418126
0.0402921
0.0387717
0.0372512
0.0357308
0.0342104
0.0326899
0.0311695
0.029649
0.0281286
0.0266081
0.0250877
0.0235672
0.0220468
0.0205263
0.0190059
0.0174854
0.0159649
0.0144444
0.012924
0.0114035
0.00988299
0.00836245
0.00684197
0.00532143
0.00380118
0.00228063
0.000759848
0.446524
0.445766
0.444294
0.442078
0.439186
0.435747
0.431904
0.427783
0.423488
0.419098
0.414677
0.410274
0.405927
0.401661
0.397495
0.393436
0.389491
0.385661
0.381944
0.378339
0.374843
0.371453
0.368163
0.364972
0.361875
0.35887
0.355952
0.353119
0.350367
0.347695
0.345099
0.342576
0.340124
0.33774
0.335421
0.333164
0.330965
0.328823
0.326733
0.324692
0.322698
0.320746
0.318835
0.316959
0.315118
0.313308
0.311525
0.309768
0.308034
0.30632
0.304625
0.302947
0.301284
0.299635
0.297998
0.296373
0.294759
0.293154
0.29156
0.289974
0.288397
0.286828
0.285265
0.283709
0.282159
0.280613
0.279072
0.277535
0.276001
0.27447
0.272941
0.271414
0.269888
0.268364
0.26684
0.265318
0.263796
0.262274
0.260753
0.259232
0.257711
0.256191
0.25467
0.25315
0.25163
0.250109
0.248589
0.247069
0.245548
0.244028
0.242508
0.240987
0.239467
0.237947
0.236426
0.234906
0.233386
0.231865
0.230345
0.228825
0.227304
0.225784
0.224263
0.222743
0.221223
0.219702
0.218182
0.216661
0.215141
0.213621
0.2121
0.21058
0.209059
0.207539
0.206018
0.204498
0.202978
0.201457
0.199937
0.198416
0.196896
0.195375
0.193855
0.192335
0.190814
0.189294
0.187773
0.186253
0.184732
0.183212
0.181692
0.180171
0.178651
0.17713
0.17561
0.174089
0.172569
0.171049
0.169528
0.168008
0.166487
0.164967
0.163446
0.161926
0.160406
0.158885
0.157365
0.155844
0.154324
0.152803
0.151283
0.149763
0.148242
0.146722
0.145201
0.143681
0.142161
0.14064
0.13912
0.137599
0.136079
0.134558
0.133038
0.131518
0.129997
0.128477
0.126956
0.125436
0.123915
0.122395
0.120875
0.119354
0.117834
0.116313
0.114793
0.113273
0.111752
0.110232
0.108711
0.107191
0.10567
0.10415
0.10263
0.101109
0.0995887
0.0980683
0.0965478
0.0950274
0.093507
0.0919866
0.0904661
0.0889457
0.0874253
0.0859049
0.0843844
0.082864
0.0813436
0.0798232
0.0783028
0.0767823
0.0752619
0.0737415
0.0722211
0.0707006
0.0691802
0.0676598
0.0661394
0.064619
0.0630985
0.0615781
0.0600577
0.0585373
0.0570168
0.0554964
0.053976
0.0524556
0.0509351
0.0494147
0.0478943
0.0463739
0.0448534
0.043333
0.0418126
0.0402921
0.0387717
0.0372512
0.0357308
0.0342104
0.0326899
0.0311695
0.029649
0.0281286
0.0266082
0.0250877
0.0235673
0.0220468
0.0205264
0.0190059
0.0174854
0.015965
0.0144445
0.012924
0.0114035
0.00988304
0.00836251
0.00684203
0.00532148
0.00380121
0.00228065
0.000759858
0.451242
0.450341
0.448595
0.445979
0.442589
0.438602
0.434205
0.429558
0.424783
0.419966
0.415175
0.41046
0.405855
0.401382
0.397052
0.392868
0.388827
0.384927
0.381161
0.377524
0.374009
0.370609
0.36732
0.364134
0.361048
0.358057
0.355157
0.352344
0.349614
0.346965
0.344393
0.341896
0.33947
0.337114
0.334823
0.332595
0.330426
0.328313
0.326252
0.324241
0.322276
0.320352
0.318468
0.316619
0.314802
0.313015
0.311254
0.309517
0.307802
0.306105
0.304426
0.302762
0.301112
0.299475
0.29785
0.296236
0.294632
0.293038
0.291453
0.289876
0.288308
0.286747
0.285192
0.283644
0.282101
0.280562
0.279027
0.277496
0.275967
0.27444
0.272915
0.271392
0.269869
0.268348
0.266827
0.265306
0.263786
0.262266
0.260746
0.259227
0.257707
0.256187
0.254667
0.253147
0.251628
0.250108
0.248588
0.247068
0.245547
0.244027
0.242507
0.240987
0.239467
0.237947
0.236426
0.234906
0.233386
0.231865
0.230345
0.228825
0.227304
0.225784
0.224263
0.222743
0.221223
0.219702
0.218182
0.216661
0.215141
0.213621
0.2121
0.21058
0.209059
0.207539
0.206018
0.204498
0.202978
0.201457
0.199937
0.198416
0.196896
0.195375
0.193855
0.192335
0.190814
0.189294
0.187773
0.186253
0.184732
0.183212
0.181692
0.180171
0.178651
0.17713
0.17561
0.174089
0.172569
0.171049
0.169528
0.168008
0.166487
0.164967
0.163446
0.161926
0.160406
0.158885
0.157365
0.155844
0.154324
0.152803
0.151283
0.149763
0.148242
0.146722
0.145201
0.143681
0.14216
0.14064
0.13912
0.137599
0.136079
0.134558
0.133038
0.131518
0.129997
0.128477
0.126956
0.125436
0.123915
0.122395
0.120875
0.119354
0.117834
0.116313
0.114793
0.113273
0.111752
0.110232
0.108711
0.107191
0.10567
0.10415
0.10263
0.101109
0.0995887
0.0980683
0.0965479
0.0950274
0.093507
0.0919866
0.0904661
0.0889457
0.0874253
0.0859049
0.0843844
0.082864
0.0813436
0.0798232
0.0783028
0.0767823
0.0752619
0.0737415
0.0722211
0.0707007
0.0691802
0.0676598
0.0661394
0.064619
0.0630985
0.0615781
0.0600577
0.0585373
0.0570168
0.0554964
0.053976
0.0524556
0.0509351
0.0494147
0.0478943
0.0463739
0.0448534
0.043333
0.0418126
0.0402921
0.0387717
0.0372512
0.0357308
0.0342104
0.0326899
0.0311695
0.0296491
0.0281286
0.0266082
0.0250877
0.0235673
0.0220468
0.0205264
0.0190059
0.0174855
0.015965
0.0144445
0.0129241
0.0114036
0.0098831
0.00836257
0.00684209
0.00532154
0.00380126
0.00228068
0.000759879
0.456934
0.45584
0.453726
0.450573
0.446527
0.441832
0.436739
0.431448
0.426098
0.420782
0.415567
0.410503
0.405618
0.400925
0.396427
0.392117
0.387985
0.384021
0.380213
0.37655
0.373023
0.369622
0.366339
0.363165
0.360096
0.357125
0.354247
0.351458
0.348754
0.346133
0.34359
0.341122
0.338728
0.336403
0.334145
0.33195
0.329815
0.327737
0.325711
0.323734
0.321803
0.319913
0.31806
0.316242
0.314454
0.312693
0.310957
0.309243
0.307548
0.305871
0.304208
0.30256
0.300924
0.2993
0.297687
0.296084
0.294492
0.292908
0.291334
0.289768
0.288209
0.286658
0.285112
0.283573
0.282037
0.280506
0.278978
0.277453
0.27593
0.274409
0.272888
0.271369
0.26985
0.268331
0.266813
0.265295
0.263777
0.262258
0.26074
0.259221
0.257702
0.256183
0.254664
0.253145
0.251626
0.250106
0.248586
0.247067
0.245547
0.244027
0.242507
0.240987
0.239466
0.237946
0.236426
0.234906
0.233386
0.231865
0.230345
0.228825
0.227304
0.225784
0.224263
0.222743
0.221223
0.219702
0.218182
0.216661
0.215141
0.213621
0.2121
0.21058
0.209059
0.207539
0.206018
0.204498
0.202978
0.201457
0.199937
0.198416
0.196896
0.195375
0.193855
0.192335
0.190814
0.189294
0.187773
0.186253
0.184732
0.183212
0.181692
0.180171
0.178651
0.17713
0.17561
0.174089
0.172569
0.171049
0.169528
0.168008
0.166487
0.164967
0.163446
0.161926
0.160406
0.158885
0.157365
0.155844
0.154324
0.152803
0.151283
0.149763
0.148242
0.146722
0.145201
0.143681
0.14216
0.14064
0.13912
0.137599
0.136079
0.134558
0.133038
0.131518
0.129997
0.128477
0.126956
0.125436
0.123915
0.122395
0.120875
0.119354
0.117834
0.116313
0.114793
0.113273
0.111752
0.110232
0.108711
0.107191
0.10567
0.10415
0.10263
0.101109
0.0995887
0.0980683
0.0965479
0.0950274
0.093507
0.0919866
0.0904662
0.0889457
0.0874253
0.0859049
0.0843845
0.082864
0.0813436
0.0798232
0.0783028
0.0767824
0.0752619
0.0737415
0.0722211
0.0707007
0.0691802
0.0676598
0.0661394
0.064619
0.0630986
0.0615781
0.0600577
0.0585373
0.0570169
0.0554964
0.053976
0.0524556
0.0509351
0.0494147
0.0478943
0.0463739
0.0448534
0.043333
0.0418126
0.0402921
0.0387717
0.0372513
0.0357308
0.0342104
0.03269
0.0311695
0.0296491
0.0281286
0.0266082
0.0250878
0.0235673
0.0220469
0.0205264
0.019006
0.0174855
0.0159651
0.0144446
0.0129241
0.0114036
0.00988318
0.00836266
0.00684218
0.00532163
0.00380133
0.00228073
0.000759923
0.463814
0.462454
0.459834
0.455954
0.451034
0.445424
0.439461
0.433388
0.427357
0.421464
0.415773
0.410327
0.405147
0.400232
0.395569
0.391141
0.386929
0.382912
0.379074
0.375398
0.371869
0.368476
0.365208
0.362054
0.359008
0.356063
0.353214
0.350455
0.347782
0.345193
0.342683
0.34025
0.33789
0.335602
0.333381
0.331225
0.32913
0.327092
0.325106
0.32317
0.321279
0.319427
0.317612
0.315829
0.314075
0.312345
0.310637
0.308948
0.307275
0.305618
0.303973
0.302341
0.30072
0.29911
0.29751
0.29592
0.294339
0.292768
0.291205
0.28965
0.288103
0.286562
0.285027
0.283497
0.281971
0.280448
0.278928
0.277409
0.275892
0.274376
0.272861
0.271346
0.26983
0.268315
0.266799
0.265284
0.263767
0.26225
0.260733
0.259216
0.257698
0.25618
0.254661
0.253143
0.251624
0.250104
0.248585
0.247066
0.245546
0.244026
0.242506
0.240986
0.239466
0.237946
0.236426
0.234906
0.233385
0.231865
0.230345
0.228825
0.227304
0.225784
0.224263
0.222743
0.221223
0.219702
0.218182
0.216661
0.215141
0.213621
0.2121
0.21058
0.209059
0.207539
0.206018
0.204498
0.202978
0.201457
0.199937
0.198416
0.196896
0.195375
0.193855
0.192335
0.190814
0.189294
0.187773
0.186253
0.184732
0.183212
0.181692
0.180171
0.178651
0.17713
0.17561
0.174089
0.172569
0.171049
0.169528
0.168008
0.166487
0.164967
0.163446
0.161926
0.160406
0.158885
0.157365
0.155844
0.154324
0.152803
0.151283
0.149763
0.148242
0.146722
0.145201
0.143681
0.14216
0.14064
0.13912
0.137599
0.136079
0.134558
0.133038
0.131518
0.129997
0.128477
0.126956
0.125436
0.123915
0.122395
0.120875
0.119354
0.117834
0.116313
0.114793
0.113273
0.111752
0.110232
0.108711
0.107191
0.10567
0.10415
0.10263
0.101109
0.0995887
0.0980683
0.0965479
0.0950274
0.093507
0.0919866
0.0904662
0.0889457
0.0874253
0.0859049
0.0843845
0.082864
0.0813436
0.0798232
0.0783028
0.0767824
0.0752619
0.0737415
0.0722211
0.0707007
0.0691803
0.0676598
0.0661394
0.064619
0.0630986
0.0615781
0.0600577
0.0585373
0.0570169
0.0554964
0.053976
0.0524556
0.0509351
0.0494147
0.0478943
0.0463739
0.0448534
0.043333
0.0418126
0.0402921
0.0387717
0.0372513
0.0357308
0.0342104
0.03269
0.0311695
0.0296491
0.0281287
0.0266082
0.0250878
0.0235673
0.0220469
0.0205265
0.019006
0.0174856
0.0159651
0.0144447
0.0129242
0.0114037
0.00988327
0.00836277
0.0068423
0.00532176
0.00380144
0.00228083
0.00076001
0.472176
0.47044
0.467109
0.46222
0.456126
0.449335
0.442291
0.43528
0.428455
0.421905
0.41569
0.409841
0.404362
0.399232
0.39442
0.389893
0.385618
0.381568
0.377717
0.374043
0.370528
0.367156
0.363913
0.360789
0.357776
0.354864
0.35205
0.349326
0.34669
0.344138
0.341666
0.339272
0.336953
0.334706
0.332529
0.330417
0.328367
0.326376
0.324438
0.322549
0.320704
0.318898
0.317126
0.315384
0.313667
0.311972
0.310295
0.308633
0.306985
0.305349
0.303724
0.302109
0.300503
0.298908
0.297321
0.295745
0.294177
0.292619
0.291069
0.289527
0.287992
0.286463
0.284939
0.283419
0.281903
0.280389
0.278876
0.277365
0.275855
0.274345
0.272834
0.271323
0.269812
0.268299
0.266786
0.265273
0.263758
0.262243
0.260727
0.259211
0.257694
0.256177
0.254659
0.253141
0.251622
0.250103
0.248584
0.247065
0.245545
0.244026
0.242506
0.240986
0.239466
0.237946
0.236426
0.234906
0.233385
0.231865
0.230345
0.228825
0.227304
0.225784
0.224263
0.222743
0.221223
0.219702
0.218182
0.216661
0.215141
0.213621
0.2121
0.21058
0.209059
0.207539
0.206018
0.204498
0.202978
0.201457
0.199937
0.198416
0.196896
0.195375
0.193855
0.192335
0.190814
0.189294
0.187773
0.186253
0.184732
0.183212
0.181692
0.180171
0.178651
0.17713
0.17561
0.174089
0.172569
0.171049
0.169528
0.168008
0.166487
0.164967
0.163446
0.161926
0.160406
0.158885
0.157365
0.155844
0.154324
0.152803
0.151283
0.149763
0.148242
0.146722
0.145201
0.143681
0.14216
0.14064
0.13912
0.137599
0.136079
0.134558
0.133038
0.131518
0.129997
0.128477
0.126956
0.125436
0.123915
0.122395
0.120875
0.119354
0.117834
0.116313
0.114793
0.113273
0.111752
0.110232
0.108711
0.107191
0.10567
0.10415
0.10263
0.101109
0.0995887
0.0980683
0.0965479
0.0950274
0.093507
0.0919866
0.0904662
0.0889457
0.0874253
0.0859049
0.0843845
0.082864
0.0813436
0.0798232
0.0783028
0.0767824
0.0752619
0.0737415
0.0722211
0.0707007
0.0691803
0.0676598
0.0661394
0.064619
0.0630986
0.0615781
0.0600577
0.0585373
0.0570169
0.0554964
0.053976
0.0524556
0.0509352
0.0494147
0.0478943
0.0463739
0.0448534
0.043333
0.0418126
0.0402921
0.0387717
0.0372513
0.0357308
0.0342104
0.03269
0.0311695
0.0296491
0.0281287
0.0266082
0.0250878
0.0235674
0.0220469
0.0205265
0.0190061
0.0174856
0.0159652
0.0144447
0.0129243
0.0114038
0.00988337
0.0083629
0.00684245
0.00532194
0.00380159
0.002281
0.000760169
0.482442
0.480154
0.475791
0.469473
0.461783
0.45347
0.445103
0.436982
0.429241
0.421959
0.415183
0.408928
0.403165
0.397846
0.392914
0.388317
0.38401
0.379954
0.376114
0.372464
0.368981
0.365645
0.362442
0.35936
0.356389
0.35352
0.350748
0.348067
0.345474
0.342964
0.340536
0.338187
0.335914
0.333715
0.331586
0.329526
0.327529
0.325591
0.323708
0.321873
0.320081
0.318327
0.316605
0.314909
0.313235
0.311578
0.309935
0.308303
0.306681
0.305068
0.303463
0.301866
0.300278
0.298698
0.297127
0.295565
0.294012
0.292468
0.290932
0.289403
0.287881
0.286364
0.284852
0.283343
0.281837
0.280332
0.278828
0.277324
0.27582
0.274315
0.27281
0.271303
0.269795
0.268286
0.266775
0.265263
0.263751
0.262237
0.260722
0.259207
0.257691
0.256174
0.254657
0.253139
0.251621
0.250102
0.248583
0.247064
0.245545
0.244025
0.242506
0.240986
0.239466
0.237946
0.236426
0.234906
0.233385
0.231865
0.230345
0.228825
0.227304
0.225784
0.224263
0.222743
0.221223
0.219702
0.218182
0.216661
0.215141
0.213621
0.2121
0.21058
0.209059
0.207539
0.206018
0.204498
0.202978
0.201457
0.199937
0.198416
0.196896
0.195375
0.193855
0.192335
0.190814
0.189294
0.187773
0.186253
0.184732
0.183212
0.181692
0.180171
0.178651
0.17713
0.17561
0.174089
0.172569
0.171049
0.169528
0.168008
0.166487
0.164967
0.163446
0.161926
0.160406
0.158885
0.157365
0.155844
0.154324
0.152803
0.151283
0.149763
0.148242
0.146722
0.145201
0.143681
0.14216
0.14064
0.13912
0.137599
0.136079
0.134558
0.133038
0.131518
0.129997
0.128477
0.126956
0.125436
0.123915
0.122395
0.120875
0.119354
0.117834
0.116313
0.114793
0.113273
0.111752
0.110232
0.108711
0.107191
0.10567
0.10415
0.10263
0.101109
0.0995887
0.0980683
0.0965479
0.0950274
0.093507
0.0919866
0.0904662
0.0889457
0.0874253
0.0859049
0.0843845
0.0828641
0.0813436
0.0798232
0.0783028
0.0767824
0.0752619
0.0737415
0.0722211
0.0707007
0.0691803
0.0676598
0.0661394
0.064619
0.0630986
0.0615781
0.0600577
0.0585373
0.0570169
0.0554964
0.053976
0.0524556
0.0509352
0.0494147
0.0478943
0.0463739
0.0448534
0.043333
0.0418126
0.0402921
0.0387717
0.0372513
0.0357308
0.0342104
0.03269
0.0311696
0.0296491
0.0281287
0.0266083
0.0250878
0.0235674
0.022047
0.0205265
0.0190061
0.0174857
0.0159652
0.0144448
0.0129243
0.0114039
0.00988348
0.00836303
0.00684261
0.00532216
0.00380179
0.00228127
0.000760426
0.495229
0.492105
0.486187
0.477788
0.467917
0.457664
0.447695
0.438274
0.429494
0.421418
0.414075
0.407439
0.401438
0.395979
0.390978
0.386359
0.382062
0.378037
0.374241
0.370643
0.367214
0.363936
0.36079
0.357764
0.354848
0.352033
0.349314
0.346684
0.344141
0.341682
0.339304
0.337006
0.334786
0.332641
0.330569
0.328566
0.326629
0.324753
0.322931
0.321158
0.319427
0.317731
0.316063
0.314418
0.312789
0.311174
0.309568
0.307968
0.306374
0.304786
0.303203
0.301625
0.300055
0.298492
0.296937
0.295391
0.293854
0.292324
0.290803
0.289288
0.287779
0.286275
0.284774
0.283276
0.281779
0.280283
0.278786
0.277289
0.275791
0.274291
0.272789
0.271286
0.269781
0.268274
0.266766
0.265256
0.263745
0.262232
0.260719
0.259204
0.257689
0.256172
0.254655
0.253138
0.25162
0.250102
0.248583
0.247064
0.245545
0.244025
0.242505
0.240986
0.239466
0.237946
0.236426
0.234906
0.233385
0.231865
0.230345
0.228825
0.227304
0.225784
0.224264
0.222743
0.221223
0.219702
0.218182
0.216661
0.215141
0.213621
0.2121
0.21058
0.209059
0.207539
0.206018
0.204498
0.202978
0.201457
0.199937
0.198416
0.196896
0.195375
0.193855
0.192335
0.190814
0.189294
0.187773
0.186253
0.184732
0.183212
0.181692
0.180171
0.178651
0.17713
0.17561
0.174089
0.172569
0.171049
0.169528
0.168008
0.166487
0.164967
0.163446
0.161926
0.160406
0.158885
0.157365
0.155844
0.154324
0.152803
0.151283
0.149763
0.148242
0.146722
0.145201
0.143681
0.14216
0.14064
0.13912
0.137599
0.136079
0.134558
0.133038
0.131518
0.129997
0.128477
0.126956
0.125436
0.123915
0.122395
0.120875
0.119354
0.117834
0.116313
0.114793
0.113273
0.111752
0.110232
0.108711
0.107191
0.10567
0.10415
0.10263
0.101109
0.0995887
0.0980683
0.0965479
0.0950274
0.093507
0.0919866
0.0904662
0.0889458
0.0874253
0.0859049
0.0843845
0.0828641
0.0813436
0.0798232
0.0783028
0.0767824
0.0752619
0.0737415
0.0722211
0.0707007
0.0691803
0.0676598
0.0661394
0.064619
0.0630986
0.0615782
0.0600577
0.0585373
0.0570169
0.0554964
0.053976
0.0524556
0.0509352
0.0494147
0.0478943
0.0463739
0.0448534
0.043333
0.0418126
0.0402921
0.0387717
0.0372513
0.0357309
0.0342104
0.03269
0.0311696
0.0296491
0.0281287
0.0266083
0.0250879
0.0235674
0.022047
0.0205266
0.0190061
0.0174857
0.0159653
0.0144448
0.0129244
0.011404
0.00988357
0.00836316
0.00684276
0.0053224
0.00380201
0.00228162
0.000760776
0.511466
0.50701
0.498664
0.487192
0.474364
0.461679
0.449795
0.438858
0.428912
0.420005
0.412128
0.405185
0.399032
0.393522
0.388532
0.383964
0.379739
0.375797
0.37209
0.36858
0.365238
0.362043
0.358977
0.356028
0.353183
0.350437
0.347783
0.345216
0.342734
0.340334
0.338015
0.335776
0.333615
0.331532
0.329522
0.327585
0.325714
0.323904
0.322149
0.320442
0.318775
0.31714
0.31553
0.313937
0.312357
0.310784
0.309216
0.307649
0.306085
0.304522
0.302961
0.301405
0.299854
0.298309
0.296771
0.295241
0.293719
0.292204
0.290696
0.289194
0.287697
0.286204
0.284713
0.283224
0.281735
0.280246
0.278755
0.277263
0.275769
0.274273
0.272775
0.271274
0.269771
0.268267
0.26676
0.265251
0.263741
0.262229
0.260716
0.259202
0.257687
0.256171
0.254654
0.253137
0.251619
0.250101
0.248583
0.247064
0.245544
0.244025
0.242505
0.240986
0.239466
0.237946
0.236426
0.234906
0.233385
0.231865
0.230345
0.228825
0.227304
0.225784
0.224264
0.222743
0.221223
0.219702
0.218182
0.216662
0.215141
0.213621
0.2121
0.21058
0.209059
0.207539
0.206018
0.204498
0.202978
0.201457
0.199937
0.198416
0.196896
0.195375
0.193855
0.192335
0.190814
0.189294
0.187773
0.186253
0.184732
0.183212
0.181692
0.180171
0.178651
0.17713
0.17561
0.174089
0.172569
0.171049
0.169528
0.168008
0.166487
0.164967
0.163446
0.161926
0.160406
0.158885
0.157365
0.155844
0.154324
0.152803
0.151283
0.149763
0.148242
0.146722
0.145201
0.143681
0.14216
0.14064
0.13912
0.137599
0.136079
0.134558
0.133038
0.131518
0.129997
0.128477
0.126956
0.125436
0.123915
0.122395
0.120875
0.119354
0.117834
0.116313
0.114793
0.113273
0.111752
0.110232
0.108711
0.107191
0.10567
0.10415
0.10263
0.101109
0.0995887
0.0980683
0.0965479
0.0950274
0.093507
0.0919866
0.0904662
0.0889458
0.0874253
0.0859049
0.0843845
0.0828641
0.0813436
0.0798232
0.0783028
0.0767824
0.075262
0.0737415
0.0722211
0.0707007
0.0691803
0.0676598
0.0661394
0.064619
0.0630986
0.0615782
0.0600577
0.0585373
0.0570169
0.0554964
0.053976
0.0524556
0.0509352
0.0494147
0.0478943
0.0463739
0.0448534
0.043333
0.0418126
0.0402922
0.0387717
0.0372513
0.0357309
0.0342104
0.03269
0.0311696
0.0296492
0.0281287
0.0266083
0.0250879
0.0235674
0.022047
0.0205266
0.0190062
0.0174857
0.0159653
0.0144449
0.0129245
0.0114041
0.00988363
0.00836326
0.00684286
0.00532258
0.00380217
0.00228196
0.000761128
0.532597
0.525809
0.513495
0.497516
0.480827
0.465205
0.451062
0.438365
0.427138
0.417412
0.409094
0.401973
0.395806
0.390379
0.385523
0.381112
0.37705
0.373267
0.369708
0.366337
0.363124
0.360047
0.35709
0.354241
0.351491
0.348831
0.346257
0.343765
0.341354
0.339023
0.336771
0.334597
0.332502
0.330484
0.328542
0.326671
0.324868
0.323125
0.321437
0.319795
0.31819
0.316614
0.315058
0.313515
0.311979
0.310447
0.308914
0.307379
0.305842
0.304304
0.302766
0.30123
0.299697
0.298169
0.296646
0.295131
0.293622
0.292119
0.290622
0.289131
0.287643
0.286158
0.284674
0.283191
0.281707
0.280222
0.278736
0.277247
0.275756
0.274262
0.272766
0.271267
0.269766
0.268262
0.266756
0.265248
0.263739
0.262227
0.260715
0.259201
0.257686
0.25617
0.254654
0.253137
0.251619
0.250101
0.248582
0.247064
0.245544
0.244025
0.242505
0.240986
0.239466
0.237946
0.236426
0.234906
0.233385
0.231865
0.230345
0.228825
0.227304
0.225784
0.224264
0.222743
0.221223
0.219702
0.218182
0.216662
0.215141
0.213621
0.2121
0.21058
0.209059
0.207539
0.206018
0.204498
0.202978
0.201457
0.199937
0.198416
0.196896
0.195375
0.193855
0.192335
0.190814
0.189294
0.187773
0.186253
0.184732
0.183212
0.181692
0.180171
0.178651
0.17713
0.17561
0.174089
0.172569
0.171049
0.169528
0.168008
0.166487
0.164967
0.163446
0.161926
0.160406
0.158885
0.157365
0.155844
0.154324
0.152803
0.151283
0.149763
0.148242
0.146722
0.145201
0.143681
0.14216
0.14064
0.13912
0.137599
0.136079
0.134558
0.133038
0.131518
0.129997
0.128477
0.126956
0.125436
0.123915
0.122395
0.120875
0.119354
0.117834
0.116313
0.114793
0.113273
0.111752
0.110232
0.108711
0.107191
0.10567
0.10415
0.10263
0.101109
0.0995887
0.0980683
0.0965479
0.0950275
0.093507
0.0919866
0.0904662
0.0889458
0.0874253
0.0859049
0.0843845
0.0828641
0.0813437
0.0798232
0.0783028
0.0767824
0.075262
0.0737415
0.0722211
0.0707007
0.0691803
0.0676598
0.0661394
0.064619
0.0630986
0.0615782
0.0600577
0.0585373
0.0570169
0.0554964
0.053976
0.0524556
0.0509352
0.0494147
0.0478943
0.0463739
0.0448534
0.043333
0.0418126
0.0402922
0.0387717
0.0372513
0.0357309
0.0342104
0.03269
0.0311696
0.0296492
0.0281287
0.0266083
0.0250879
0.0235675
0.022047
0.0205266
0.0190062
0.0174858
0.0159653
0.0144449
0.0129245
0.0114041
0.00988366
0.00836329
0.0068429
0.00532263
0.0038022
0.00228211
0.000761309
0.561122
0.549544
0.530342
0.507924
0.486542
0.467585
0.450873
0.436238
0.423748
0.413369
0.404836
0.397764
0.391793
0.386636
0.382078
0.377962
0.374175
0.370638
0.367299
0.364121
0.361078
0.358154
0.355332
0.352604
0.349963
0.347401
0.344917
0.342508
0.340174
0.337914
0.33573
0.333622
0.331591
0.329636
0.327755
0.325946
0.324202
0.322519
0.320887
0.319299
0.317745
0.316216
0.314703
0.3132
0.311701
0.3102
0.308696
0.307187
0.305673
0.304155
0.302636
0.301116
0.299598
0.298083
0.296573
0.295068
0.293568
0.292074
0.290584
0.289098
0.287616
0.286135
0.284655
0.283175
0.281694
0.280211
0.278727
0.27724
0.27575
0.274257
0.272762
0.271264
0.269763
0.26826
0.266754
0.265247
0.263737
0.262226
0.260714
0.2592
0.257686
0.25617
0.254654
0.253137
0.251619
0.250101
0.248582
0.247063
0.245544
0.244025
0.242505
0.240986
0.239466
0.237946
0.236426
0.234906
0.233385
0.231865
0.230345
0.228825
0.227304
0.225784
0.224264
0.222743
0.221223
0.219702
0.218182
0.216662
0.215141
0.213621
0.2121
0.21058
0.209059
0.207539
0.206018
0.204498
0.202978
0.201457
0.199937
0.198416
0.196896
0.195375
0.193855
0.192335
0.190814
0.189294
0.187773
0.186253
0.184732
0.183212
0.181692
0.180171
0.178651
0.17713
0.17561
0.174089
0.172569
0.171049
0.169528
0.168008
0.166487
0.164967
0.163446
0.161926
0.160406
0.158885
0.157365
0.155844
0.154324
0.152803
0.151283
0.149763
0.148242
0.146722
0.145201
0.143681
0.14216
0.14064
0.13912
0.137599
0.136079
0.134558
0.133038
0.131518
0.129997
0.128477
0.126956
0.125436
0.123915
0.122395
0.120875
0.119354
0.117834
0.116313
0.114793
0.113272
0.111752
0.110232
0.108711
0.107191
0.10567
0.10415
0.10263
0.101109
0.0995887
0.0980683
0.0965479
0.0950275
0.093507
0.0919866
0.0904662
0.0889458
0.0874253
0.0859049
0.0843845
0.0828641
0.0813437
0.0798232
0.0783028
0.0767824
0.075262
0.0737415
0.0722211
0.0707007
0.0691803
0.0676598
0.0661394
0.064619
0.0630986
0.0615782
0.0600577
0.0585373
0.0570169
0.0554964
0.053976
0.0524556
0.0509352
0.0494147
0.0478943
0.0463739
0.0448534
0.043333
0.0418126
0.0402922
0.0387717
0.0372513
0.0357309
0.0342105
0.03269
0.0311696
0.0296492
0.0281288
0.0266083
0.0250879
0.0235675
0.0220471
0.0205266
0.0190062
0.0174858
0.0159654
0.0144449
0.0129245
0.0114041
0.00988367
0.00836327
0.00684285
0.00532253
0.00380207
0.00228196
0.000761189
0.60241
0.579551
0.547747
0.516555
0.489993
0.467459
0.448017
0.4316
0.418295
0.407814
0.399575
0.39297
0.387517
0.382865
0.378768
0.375055
0.37161
0.368362
0.365266
0.362293
0.359426
0.356651
0.353961
0.351348
0.348808
0.346337
0.343935
0.341601
0.339335
0.337139
0.335015
0.332963
0.330986
0.329082
0.32725
0.325486
0.323787
0.322145
0.320552
0.318999
0.317478
0.315978
0.314493
0.313014
0.311537
0.310056
0.30857
0.307078
0.30558
0.304076
0.302569
0.30106
0.299552
0.298046
0.296542
0.295043
0.293549
0.292058
0.290571
0.289089
0.287608
0.286129
0.28465
0.283171
0.28169
0.280208
0.278724
0.277237
0.275747
0.274255
0.27276
0.271262
0.269761
0.268258
0.266753
0.265245
0.263736
0.262225
0.260713
0.2592
0.257685
0.25617
0.254653
0.253136
0.251619
0.250101
0.248582
0.247063
0.245544
0.244025
0.242505
0.240986
0.239466
0.237946
0.236426
0.234906
0.233385
0.231865
0.230345
0.228825
0.227304
0.225784
0.224264
0.222743
0.221223
0.219702
0.218182
0.216662
0.215141
0.213621
0.2121
0.21058
0.209059
0.207539
0.206018
0.204498
0.202978
0.201457
0.199937
0.198416
0.196896
0.195375
0.193855
0.192335
0.190814
0.189294
0.187773
0.186253
0.184732
0.183212
0.181692
0.180171
0.178651
0.17713
0.17561
0.174089
0.172569
0.171049
0.169528
0.168008
0.166487
0.164967
0.163446
0.161926
0.160406
0.158885
0.157365
0.155844
0.154324
0.152803
0.151283
0.149763
0.148242
0.146722
0.145201
0.143681
0.14216
0.14064
0.13912
0.137599
0.136079
0.134558
0.133038
0.131518
0.129997
0.128477
0.126956
0.125436
0.123915
0.122395
0.120875
0.119354
0.117834
0.116313
0.114793
0.113272
0.111752
0.110232
0.108711
0.107191
0.10567
0.10415
0.10263
0.101109
0.0995887
0.0980683
0.0965479
0.0950275
0.093507
0.0919866
0.0904662
0.0889458
0.0874254
0.0859049
0.0843845
0.0828641
0.0813437
0.0798232
0.0783028
0.0767824
0.075262
0.0737415
0.0722211
0.0707007
0.0691803
0.0676598
0.0661394
0.064619
0.0630986
0.0615782
0.0600577
0.0585373
0.0570169
0.0554964
0.053976
0.0524556
0.0509352
0.0494147
0.0478943
0.0463739
0.0448534
0.043333
0.0418126
0.0402922
0.0387717
0.0372513
0.0357309
0.0342105
0.03269
0.0311696
0.0296492
0.0281288
0.0266083
0.0250879
0.0235675
0.0220471
0.0205266
0.0190062
0.0174858
0.0159654
0.0144449
0.0129245
0.0114041
0.00988364
0.00836321
0.00684276
0.00532234
0.00380183
0.00228154
0.000760843
0.671685
0.620016
0.565429
0.523048
0.490896
0.464283
0.441998
0.424311
0.411025
0.401268
0.393994
0.388345
0.383722
0.379738
0.376154
0.372829
0.369682
0.366668
0.36376
0.360946
0.358214
0.355558
0.352972
0.350452
0.347997
0.345603
0.34327
0.341
0.338793
0.336651
0.334577
0.332572
0.330638
0.328773
0.326978
0.325247
0.323577
0.321961
0.32039
0.318857
0.317353
0.315868
0.314396
0.312928
0.311461
0.30999
0.308513
0.307029
0.305539
0.304042
0.302542
0.30104
0.299537
0.298035
0.296535
0.295039
0.293547
0.292059
0.290574
0.289091
0.28761
0.28613
0.284651
0.283171
0.281691
0.280208
0.278724
0.277237
0.275747
0.274254
0.272759
0.271261
0.26976
0.268257
0.266752
0.265245
0.263736
0.262225
0.260713
0.259199
0.257685
0.256169
0.254653
0.253136
0.251619
0.2501
0.248582
0.247063
0.245544
0.244025
0.242505
0.240986
0.239466
0.237946
0.236426
0.234906
0.233385
0.231865
0.230345
0.228825
0.227304
0.225784
0.224264
0.222743
0.221223
0.219702
0.218182
0.216662
0.215141
0.213621
0.2121
0.21058
0.209059
0.207539
0.206018
0.204498
0.202978
0.201457
0.199937
0.198416
0.196896
0.195375
0.193855
0.192335
0.190814
0.189294
0.187773
0.186253
0.184732
0.183212
0.181692
0.180171
0.178651
0.17713
0.17561
0.174089
0.172569
0.171049
0.169528
0.168008
0.166487
0.164967
0.163446
0.161926
0.160406
0.158885
0.157365
0.155844
0.154324
0.152803
0.151283
0.149763
0.148242
0.146722
0.145201
0.143681
0.14216
0.14064
0.13912
0.137599
0.136079
0.134558
0.133038
0.131518
0.129997
0.128477
0.126956
0.125436
0.123915
0.122395
0.120875
0.119354
0.117834
0.116313
0.114793
0.113272
0.111752
0.110232
0.108711
0.107191
0.10567
0.10415
0.10263
0.101109
0.0995887
0.0980683
0.0965479
0.0950275
0.093507
0.0919866
0.0904662
0.0889458
0.0874254
0.0859049
0.0843845
0.0828641
0.0813437
0.0798232
0.0783028
0.0767824
0.075262
0.0737415
0.0722211
0.0707007
0.0691803
0.0676599
0.0661394
0.064619
0.0630986
0.0615782
0.0600577
0.0585373
0.0570169
0.0554964
0.053976
0.0524556
0.0509352
0.0494147
0.0478943
0.0463739
0.0448534
0.043333
0.0418126
0.0402922
0.0387717
0.0372513
0.0357309
0.0342105
0.03269
0.0311696
0.0296492
0.0281288
0.0266083
0.0250879
0.0235675
0.0220471
0.0205266
0.0190062
0.0174858
0.0159654
0.0144449
0.0129245
0.0114041
0.0098836
0.00836314
0.00684266
0.00532216
0.00380163
0.00228118
0.000760556
0.793218
0.675659
0.58612
0.531082
0.492506
0.46099
0.435505
0.416504
0.403217
0.394144
0.387845
0.383231
0.379561
0.376376
0.373423
0.370579
0.367794
0.365055
0.36236
0.359714
0.35712
0.354579
0.352093
0.349662
0.347284
0.344961
0.342694
0.340483
0.338332
0.336243
0.334218
0.332258
0.330365
0.328539
0.326778
0.325078
0.323435
0.321842
0.32029
0.318773
0.317282
0.315808
0.314344
0.312884
0.311423
0.309957
0.308485
0.307006
0.305519
0.304027
0.30253
0.301031
0.299531
0.298032
0.296535
0.295041
0.293551
0.292063
0.290578
0.289096
0.287615
0.286135
0.284655
0.283175
0.281694
0.280211
0.278726
0.277239
0.275749
0.274256
0.27276
0.271262
0.269761
0.268258
0.266752
0.265245
0.263736
0.262225
0.260713
0.259199
0.257685
0.256169
0.254653
0.253136
0.251619
0.250101
0.248582
0.247063
0.245544
0.244025
0.242505
0.240986
0.239466
0.237946
0.236426
0.234906
0.233385
0.231865
0.230345
0.228825
0.227304
0.225784
0.224264
0.222743
0.221223
0.219702
0.218182
0.216662
0.215141
0.213621
0.2121
0.21058
0.209059
0.207539
0.206018
0.204498
0.202978
0.201457
0.199937
0.198416
0.196896
0.195375
0.193855
0.192335
0.190814
0.189294
0.187773
0.186253
0.184732
0.183212
0.181692
0.180171
0.178651
0.17713
0.17561
0.174089
0.172569
0.171049
0.169528
0.168008
0.166487
0.164967
0.163446
0.161926
0.160406
0.158885
0.157365
0.155844
0.154324
0.152803
0.151283
0.149763
0.148242
0.146722
0.145201
0.143681
0.14216
0.14064
0.13912
0.137599
0.136079
0.134558
0.133038
0.131518
0.129997
0.128477
0.126956
0.125436
0.123915
0.122395
0.120875
0.119354
0.117834
0.116313
0.114793
0.113272
0.111752
0.110232
0.108711
0.107191
0.10567
0.10415
0.10263
0.101109
0.0995887
0.0980683
0.0965479
0.0950275
0.093507
0.0919866
0.0904662
0.0889458
0.0874254
0.0859049
0.0843845
0.0828641
0.0813437
0.0798232
0.0783028
0.0767824
0.075262
0.0737415
0.0722211
0.0707007
0.0691803
0.0676599
0.0661394
0.064619
0.0630986
0.0615782
0.0600577
0.0585373
0.0570169
0.0554964
0.053976
0.0524556
0.0509352
0.0494147
0.0478943
0.0463739
0.0448534
0.043333
0.0418126
0.0402922
0.0387717
0.0372513
0.0357309
0.0342105
0.03269
0.0311696
0.0296492
0.0281288
0.0266083
0.0250879
0.0235675
0.0220471
0.0205266
0.0190062
0.0174858
0.0159653
0.0144449
0.0129245
0.011404
0.00988356
0.00836309
0.0068426
0.00532211
0.00380158
0.00228106
0.000760468
)
;

boundaryField
{
    inlet
    {
        type            zeroGradient;
    }
    outlet
    {
        type            fixedValue;
        value           uniform 0;
    }
    bottomWall
    {
        type            zeroGradient;
    }
    topWall
    {
        type            zeroGradient;
    }
    front
    {
        type            empty;
    }
    back
    {
        type            empty;
    }
}


// ************************************************************************* //
