FoamFile
{
    version     2.0;
    format      ascii;
    class       dictionary;
    object      blockMeshDict;
}

convertToMeters 1;

//====================================
// Géométrie
//====================================

vertices
(
    // cylindre
    (0.15 0.20 0)
    (0.20 0.25 0)
    (0.25 0.20 0)
    (0.20 0.15 0)

    // carré extérieur
    (0.10 0.20 0)
    (0.20 0.30 0)
    (0.30 0.20 0)
    (0.20 0.10 0)

    // z = 0.01
    (0.15 0.20 0.01)
    (0.20 0.25 0.01)
    (0.25 0.20 0.01)
    (0.20 0.15 0.01)

    (0.10 0.20 0.01)
    (0.20 0.30 0.01)
    (0.30 0.20 0.01)
    (0.20 0.10 0.01)
);

blocks
(
    hex (0 1 5 4 8 9 13 12)
    (10 10 1)
    simpleGrading (1 1 1)

    hex (1 2 6 5 9 10 14 13)
    (10 10 1)
    simpleGrading (1 1 1)

    hex (2 3 7 6 10 11 15 14)
    (10 10 1)
    simpleGrading (1 1 1)

    hex (3 0 4 7 11 8 12 15)
    (10 10 1)
    simpleGrading (1 1 1)
);

edges
(
    arc 0 1 (0.1646447 0.2353553 0)
    arc 1 2 (0.2353553 0.2353553 0)
    arc 2 3 (0.2353553 0.1646447 0)
    arc 3 0 (0.1646447 0.1646447 0)

    arc 8 9  (0.1646447 0.2353553 0.01)
    arc 9 10 (0.2353553 0.2353553 0.01)
    arc 10 11 (0.2353553 0.1646447 0.01)
    arc 11 8  (0.1646447 0.1646447 0.01)
);

boundary
(
    cylinder
    {
        type wall;
        faces
        (
            (0 1 9 8)
            (1 2 10 9)
            (2 3 11 10)
            (3 0 8 11)
        );
    }

    front
    {
        type empty;
        faces
        (
            (0 1 5 4)
            (1 2 6 5)
            (2 3 7 6)
            (3 0 4 7)
        );
    }

    back
    {
        type empty;
        faces
        (
            (8 12 13 9)
            (9 13 14 10)
            (10 14 15 11)
            (11 15 12 8)
        );
    }
);

mergePatchPairs();
