/*--------------------------------*- C++ -*----------------------------------*\
| =========                 |                                                 |
| \\      /  F ield         | OpenFOAM: The Open Source CFD Toolbox           |
|  \\    /   O peration     | Version:  2512                                  |
|   \\  /    A nd           | Website:  www.openfoam.com                      |
|    \\/     M anipulation  |                                                 |
\*---------------------------------------------------------------------------*/
FoamFile
{
    version     2.0;
    format      ascii;
    arch        "LSB;label=32;scalar=64";
    class       volScalarField;
    location    "1";
    object      p;
}
// * * * * * * * * * * * * * * * * * * * * * * * * * * * * * * * * * * * * * //

dimensions      [0 2 -2 0 0 0 0];

internalField   nonuniform List<scalar> 
10250
(
0.750012
0.632458
0.54293
0.487906
0.449345
0.417845
0.392377
0.373395
0.36013
0.35108
0.344806
0.340217
0.336571
0.333409
0.330478
0.327653
0.324884
0.322155
0.319466
0.316818
0.314214
0.311653
0.309134
0.306654
0.304211
0.3018
0.29942
0.297067
0.294741
0.292438
0.290159
0.2879
0.285663
0.283445
0.281246
0.279066
0.276905
0.274761
0.272635
0.270527
0.268436
0.266363
0.264307
0.262268
0.260246
0.258242
0.256256
0.254287
0.252336
0.250402
0.248487
0.246591
0.244713
0.242855
0.241016
0.239197
0.237398
0.23562
0.233863
0.232128
0.230414
0.228724
0.227056
0.225411
0.223789
0.22219
0.220615
0.219063
0.217533
0.216025
0.214539
0.213073
0.211626
0.210198
0.208788
0.207394
0.206014
0.204648
0.203293
0.20195
0.200616
0.19929
0.19797
0.196657
0.195349
0.194044
0.192743
0.191445
0.190149
0.188855
0.187562
0.18627
0.18498
0.183691
0.182404
0.181119
0.179835
0.178554
0.177276
0.176001
0.17473
0.173463
0.1722
0.170943
0.16969
0.168444
0.167203
0.165968
0.16474
0.163517
0.162301
0.161091
0.159886
0.158688
0.157494
0.156305
0.155121
0.153941
0.152765
0.151592
0.150422
0.149254
0.148089
0.146925
0.145763
0.144601
0.143441
0.142281
0.141122
0.139963
0.138804
0.137645
0.136486
0.135328
0.134168
0.133009
0.13185
0.13069
0.12953
0.12837
0.12721
0.126049
0.124888
0.123727
0.122566
0.121405
0.120244
0.119083
0.117921
0.11676
0.115598
0.114437
0.113275
0.112114
0.110952
0.10979
0.108628
0.107467
0.106305
0.105143
0.103981
0.10282
0.101658
0.100496
0.0993343
0.0981725
0.0970107
0.0958489
0.0946871
0.0935253
0.0923635
0.0912017
0.0900399
0.0888782
0.0877164
0.0865546
0.0853928
0.084231
0.0830692
0.0819074
0.0807456
0.0795838
0.078422
0.0772602
0.0760984
0.0749366
0.0737748
0.072613
0.0714512
0.0702894
0.0691276
0.0679658
0.066804
0.0656422
0.0644804
0.0633186
0.0621568
0.060995
0.0598333
0.0586715
0.0575097
0.0563479
0.0551861
0.0540243
0.0528625
0.0517007
0.0505389
0.0493771
0.0482153
0.0470535
0.0458917
0.0447299
0.0435681
0.0424063
0.0412445
0.0400827
0.0389209
0.0377591
0.0365973
0.0354355
0.0342737
0.0331119
0.0319501
0.0307883
0.0296265
0.0284647
0.0273029
0.0261411
0.0249793
0.0238175
0.0226557
0.0214939
0.0203321
0.0191703
0.0180084
0.0168466
0.0156848
0.014523
0.0133612
0.0121994
0.0110376
0.00987575
0.00871392
0.00755209
0.00639025
0.00522841
0.00406657
0.00290471
0.00174285
0.000580987
0.628472
0.576807
0.522229
0.479861
0.447724
0.421128
0.398863
0.381198
0.367936
0.358206
0.35096
0.34534
0.340745
0.336789
0.333231
0.32993
0.326803
0.323804
0.320908
0.318098
0.315363
0.312694
0.310083
0.307524
0.305012
0.302541
0.300107
0.297707
0.295337
0.292997
0.290682
0.288392
0.286126
0.283882
0.281659
0.279457
0.277275
0.275113
0.272969
0.270845
0.268739
0.266651
0.264582
0.26253
0.260497
0.258482
0.256485
0.254505
0.252545
0.250602
0.248678
0.246773
0.244887
0.243021
0.241174
0.239347
0.23754
0.235755
0.233991
0.232248
0.230528
0.228831
0.227156
0.225505
0.223877
0.222272
0.220691
0.219132
0.217597
0.216084
0.214593
0.213123
0.211673
0.210241
0.208827
0.20743
0.206048
0.204679
0.203323
0.201977
0.200642
0.199314
0.197994
0.19668
0.195371
0.194066
0.192764
0.191465
0.190168
0.188873
0.18758
0.186288
0.184997
0.183708
0.18242
0.181134
0.17985
0.178568
0.177289
0.176013
0.174741
0.173472
0.172209
0.17095
0.169697
0.168449
0.167208
0.165972
0.164743
0.16352
0.162303
0.161092
0.159887
0.158688
0.157494
0.156305
0.15512
0.15394
0.152764
0.151591
0.150421
0.149253
0.148088
0.146924
0.145762
0.144601
0.14344
0.142281
0.141121
0.139963
0.138804
0.137645
0.136486
0.135327
0.134168
0.133009
0.13185
0.13069
0.12953
0.12837
0.12721
0.126049
0.124888
0.123727
0.122566
0.121405
0.120244
0.119083
0.117921
0.11676
0.115598
0.114437
0.113275
0.112114
0.110952
0.10979
0.108628
0.107467
0.106305
0.105143
0.103981
0.10282
0.101658
0.100496
0.0993343
0.0981725
0.0970107
0.0958489
0.0946871
0.0935253
0.0923635
0.0912017
0.0900399
0.0888782
0.0877164
0.0865546
0.0853928
0.084231
0.0830692
0.0819074
0.0807456
0.0795838
0.078422
0.0772602
0.0760984
0.0749366
0.0737748
0.072613
0.0714512
0.0702894
0.0691276
0.0679658
0.066804
0.0656422
0.0644804
0.0633186
0.0621568
0.060995
0.0598333
0.0586715
0.0575097
0.0563479
0.0551861
0.0540243
0.0528625
0.0517007
0.0505389
0.0493771
0.0482153
0.0470535
0.0458917
0.0447299
0.0435681
0.0424063
0.0412445
0.0400827
0.0389209
0.0377591
0.0365973
0.0354355
0.0342737
0.0331119
0.0319501
0.0307883
0.0296265
0.0284647
0.0273029
0.0261411
0.0249793
0.0238175
0.0226557
0.0214939
0.0203321
0.0191703
0.0180085
0.0168466
0.0156848
0.014523
0.0133612
0.0121994
0.0110376
0.00987576
0.00871394
0.0075521
0.00639026
0.00522841
0.00406656
0.00290471
0.00174286
0.000580999
0.559184
0.536328
0.504531
0.473348
0.446799
0.42428
0.404857
0.38846
0.375178
0.364722
0.35651
0.349933
0.344508
0.339884
0.335814
0.332126
0.328704
0.325475
0.322393
0.319429
0.316563
0.31378
0.31107
0.308424
0.305835
0.303295
0.300801
0.298347
0.295929
0.293545
0.291192
0.288867
0.286569
0.284297
0.282048
0.279823
0.277619
0.275437
0.273276
0.271135
0.269013
0.266911
0.264828
0.262764
0.260719
0.258693
0.256685
0.254696
0.252726
0.250775
0.248843
0.246929
0.245036
0.243161
0.241307
0.239473
0.23766
0.235868
0.234097
0.232348
0.230622
0.228918
0.227238
0.225581
0.223947
0.222337
0.220751
0.219188
0.217648
0.216131
0.214636
0.213162
0.211709
0.210274
0.208858
0.207459
0.206074
0.204704
0.203346
0.202
0.200663
0.199335
0.198014
0.196699
0.19539
0.194084
0.192782
0.191483
0.190186
0.18889
0.187596
0.186304
0.185012
0.183722
0.182434
0.181146
0.179861
0.178578
0.177298
0.176021
0.174748
0.173478
0.172214
0.170954
0.169699
0.168451
0.167208
0.165972
0.164741
0.163518
0.1623
0.161089
0.159884
0.158684
0.15749
0.156302
0.155117
0.153937
0.152761
0.151588
0.150418
0.149251
0.148086
0.146922
0.14576
0.144599
0.143439
0.14228
0.141121
0.139962
0.138803
0.137645
0.136486
0.135327
0.134168
0.133009
0.13185
0.13069
0.12953
0.12837
0.12721
0.126049
0.124888
0.123728
0.122567
0.121405
0.120244
0.119083
0.117921
0.11676
0.115598
0.114437
0.113275
0.112114
0.110952
0.10979
0.108628
0.107467
0.106305
0.105143
0.103981
0.10282
0.101658
0.100496
0.0993343
0.0981725
0.0970107
0.0958489
0.0946871
0.0935253
0.0923635
0.0912017
0.0900399
0.0888782
0.0877164
0.0865546
0.0853928
0.084231
0.0830692
0.0819074
0.0807456
0.0795838
0.078422
0.0772602
0.0760984
0.0749366
0.0737748
0.072613
0.0714512
0.0702894
0.0691276
0.0679658
0.066804
0.0656422
0.0644804
0.0633186
0.0621568
0.060995
0.0598333
0.0586715
0.0575097
0.0563479
0.0551861
0.0540243
0.0528625
0.0517007
0.0505389
0.0493771
0.0482153
0.0470535
0.0458917
0.0447299
0.0435681
0.0424063
0.0412445
0.0400827
0.0389209
0.0377591
0.0365973
0.0354355
0.0342737
0.0331119
0.0319501
0.0307883
0.0296265
0.0284647
0.0273029
0.0261411
0.0249793
0.0238175
0.0226557
0.0214939
0.0203321
0.0191703
0.0180085
0.0168467
0.0156848
0.014523
0.0133612
0.0121994
0.0110376
0.00987578
0.00871396
0.00755213
0.0063903
0.00522846
0.00406662
0.00290477
0.00174295
0.000581069
0.517879
0.506304
0.487106
0.464695
0.443323
0.424378
0.40768
0.39306
0.380588
0.37023
0.361717
0.354668
0.34872
0.343586
0.339051
0.334956
0.331188
0.327667
0.324339
0.321167
0.318124
0.31519
0.312349
0.309588
0.306897
0.304268
0.301694
0.299169
0.296688
0.294247
0.291842
0.289471
0.287131
0.28482
0.282537
0.28028
0.278048
0.275839
0.273654
0.271491
0.269349
0.267228
0.265128
0.263048
0.260988
0.258948
0.256927
0.254926
0.252945
0.250983
0.24904
0.247118
0.245215
0.243332
0.241469
0.239628
0.237807
0.236007
0.234229
0.232474
0.230741
0.229031
0.227344
0.22568
0.224041
0.222425
0.220833
0.219265
0.21772
0.216198
0.214699
0.21322
0.211763
0.210324
0.208905
0.207502
0.206115
0.204742
0.203381
0.202033
0.200694
0.199364
0.198042
0.196726
0.195415
0.194109
0.192806
0.191506
0.190208
0.188912
0.187617
0.186323
0.185031
0.18374
0.182451
0.181162
0.179876
0.178592
0.17731
0.176032
0.174757
0.173486
0.17222
0.170959
0.169703
0.168453
0.167209
0.165972
0.164741
0.163516
0.162298
0.161086
0.159881
0.158681
0.157487
0.156298
0.155114
0.153934
0.152758
0.151585
0.150416
0.149249
0.148084
0.14692
0.145759
0.144598
0.143438
0.142279
0.14112
0.139962
0.138803
0.137645
0.136486
0.135327
0.134168
0.133009
0.13185
0.13069
0.12953
0.12837
0.12721
0.126049
0.124889
0.123728
0.122567
0.121406
0.120244
0.119083
0.117922
0.11676
0.115599
0.114437
0.113275
0.112114
0.110952
0.10979
0.108628
0.107467
0.106305
0.105143
0.103981
0.10282
0.101658
0.100496
0.0993343
0.0981725
0.0970107
0.0958489
0.0946871
0.0935253
0.0923635
0.0912017
0.0900399
0.0888782
0.0877164
0.0865546
0.0853928
0.084231
0.0830692
0.0819074
0.0807456
0.0795838
0.078422
0.0772602
0.0760984
0.0749366
0.0737748
0.072613
0.0714512
0.0702894
0.0691276
0.0679658
0.066804
0.0656422
0.0644804
0.0633186
0.0621568
0.060995
0.0598332
0.0586715
0.0575097
0.0563479
0.0551861
0.0540243
0.0528625
0.0517007
0.0505389
0.0493771
0.0482153
0.0470535
0.0458917
0.0447299
0.0435681
0.0424063
0.0412445
0.0400827
0.0389209
0.0377591
0.0365973
0.0354355
0.0342737
0.0331119
0.0319501
0.0307883
0.0296265
0.0284647
0.0273029
0.0261411
0.0249793
0.0238175
0.0226557
0.0214939
0.0203321
0.0191703
0.0180085
0.0168467
0.0156849
0.014523
0.0133612
0.0121994
0.0110376
0.0098758
0.00871399
0.00755217
0.00639036
0.00522853
0.00406673
0.00290489
0.00174315
0.000581222
0.489336
0.48255
0.470239
0.454265
0.437582
0.421968
0.407835
0.395149
0.383934
0.374221
0.365917
0.358812
0.35266
0.347247
0.342406
0.338007
0.333956
0.330179
0.326623
0.323249
0.320026
0.316931
0.313945
0.311055
0.308248
0.305514
0.302845
0.300233
0.297674
0.295161
0.292692
0.290262
0.287868
0.285509
0.283181
0.280883
0.278613
0.276371
0.274154
0.271961
0.269793
0.267648
0.265525
0.263425
0.261346
0.259288
0.257251
0.255235
0.253239
0.251264
0.249309
0.247374
0.245461
0.243568
0.241695
0.239844
0.238015
0.236207
0.234421
0.232657
0.230917
0.229199
0.227505
0.225834
0.224188
0.222565
0.220966
0.219391
0.21784
0.216311
0.214805
0.21332
0.211856
0.210412
0.208986
0.207578
0.206185
0.204807
0.203443
0.20209
0.200747
0.199414
0.198088
0.196769
0.195456
0.194147
0.192842
0.19154
0.190241
0.188943
0.187647
0.186352
0.185059
0.183767
0.182476
0.181187
0.179899
0.178614
0.177331
0.176051
0.174775
0.173502
0.172234
0.170972
0.169714
0.168463
0.167217
0.165978
0.164746
0.16352
0.162301
0.161088
0.159881
0.158681
0.157486
0.156297
0.155113
0.153932
0.152756
0.151584
0.150414
0.149247
0.148082
0.146919
0.145758
0.144597
0.143438
0.142279
0.14112
0.139961
0.138803
0.137645
0.136486
0.135327
0.134168
0.133009
0.13185
0.13069
0.12953
0.12837
0.12721
0.126049
0.124889
0.123728
0.122567
0.121406
0.120244
0.119083
0.117922
0.11676
0.115599
0.114437
0.113275
0.112114
0.110952
0.10979
0.108628
0.107467
0.106305
0.105143
0.103981
0.10282
0.101658
0.100496
0.0993343
0.0981725
0.0970107
0.0958489
0.0946871
0.0935253
0.0923635
0.0912017
0.0900399
0.0888782
0.0877164
0.0865546
0.0853928
0.084231
0.0830692
0.0819074
0.0807456
0.0795838
0.078422
0.0772602
0.0760984
0.0749366
0.0737748
0.072613
0.0714512
0.0702894
0.0691276
0.0679658
0.066804
0.0656422
0.0644804
0.0633186
0.0621568
0.060995
0.0598332
0.0586715
0.0575097
0.0563479
0.0551861
0.0540243
0.0528625
0.0517007
0.0505389
0.0493771
0.0482153
0.0470535
0.0458917
0.0447299
0.0435681
0.0424063
0.0412445
0.0400827
0.0389209
0.0377591
0.0365973
0.0354355
0.0342737
0.0331119
0.0319501
0.0307883
0.0296265
0.0284647
0.0273029
0.0261411
0.0249793
0.0238175
0.0226557
0.0214939
0.0203321
0.0191703
0.0180085
0.0168467
0.0156849
0.014523
0.0133612
0.0121994
0.0110376
0.00987582
0.00871402
0.00755221
0.00639043
0.00522863
0.00406689
0.00290506
0.00174341
0.00058144
0.468185
0.463731
0.455386
0.443917
0.431093
0.418413
0.406534
0.395604
0.385665
0.376765
0.368895
0.36196
0.355814
0.35031
0.345325
0.340759
0.336534
0.332587
0.32887
0.325345
0.32198
0.318754
0.315647
0.312643
0.30973
0.306898
0.304138
0.301442
0.298804
0.296219
0.293682
0.29119
0.288739
0.286327
0.28395
0.281607
0.279295
0.277014
0.274762
0.272537
0.270338
0.268165
0.266016
0.263892
0.261791
0.259713
0.257657
0.255623
0.253611
0.251621
0.249652
0.247704
0.245778
0.243874
0.241991
0.24013
0.23829
0.236473
0.234678
0.232906
0.231157
0.229432
0.22773
0.226051
0.224396
0.222766
0.221159
0.219575
0.218015
0.216478
0.214964
0.213471
0.211998
0.210546
0.209112
0.207695
0.206295
0.204909
0.203537
0.202177
0.200828
0.199489
0.198158
0.196834
0.195516
0.194203
0.192895
0.191589
0.190287
0.188987
0.187689
0.186393
0.185098
0.183805
0.182513
0.181222
0.179933
0.178647
0.177363
0.176081
0.174803
0.17353
0.17226
0.170996
0.169736
0.168483
0.167236
0.165995
0.164761
0.163533
0.162312
0.161098
0.15989
0.158688
0.157492
0.156302
0.155117
0.153936
0.152759
0.151586
0.150416
0.149249
0.148083
0.14692
0.145758
0.144598
0.143438
0.142279
0.14112
0.139962
0.138803
0.137645
0.136486
0.135328
0.134169
0.13301
0.13185
0.130691
0.129531
0.12837
0.12721
0.12605
0.124889
0.123728
0.122567
0.121406
0.120244
0.119083
0.117922
0.11676
0.115599
0.114437
0.113275
0.112114
0.110952
0.10979
0.108628
0.107467
0.106305
0.105143
0.103981
0.10282
0.101658
0.100496
0.0993343
0.0981725
0.0970107
0.0958489
0.0946871
0.0935253
0.0923635
0.0912017
0.0900399
0.0888782
0.0877164
0.0865546
0.0853928
0.084231
0.0830692
0.0819074
0.0807456
0.0795838
0.078422
0.0772602
0.0760984
0.0749366
0.0737748
0.072613
0.0714512
0.0702894
0.0691276
0.0679658
0.066804
0.0656422
0.0644804
0.0633186
0.0621568
0.060995
0.0598332
0.0586714
0.0575097
0.0563479
0.0551861
0.0540243
0.0528625
0.0517007
0.0505389
0.0493771
0.0482153
0.0470535
0.0458917
0.0447299
0.0435681
0.0424063
0.0412445
0.0400827
0.0389209
0.0377591
0.0365973
0.0354355
0.0342737
0.0331119
0.0319501
0.0307883
0.0296265
0.0284647
0.0273029
0.0261411
0.0249793
0.0238175
0.0226557
0.0214939
0.0203321
0.0191703
0.0180085
0.0168467
0.0156848
0.014523
0.0133612
0.0121994
0.0110376
0.00987583
0.00871405
0.00755225
0.0063905
0.00522872
0.00406703
0.00290522
0.00174365
0.00058164
0.451928
0.448804
0.442887
0.434489
0.42462
0.414369
0.404403
0.394984
0.386207
0.378132
0.370791
0.364156
0.358154
0.352694
0.347688
0.343061
0.338753
0.334712
0.330895
0.327269
0.323805
0.320482
0.317281
0.314188
0.311189
0.308276
0.305438
0.302669
0.299963
0.297313
0.294716
0.292167
0.289662
0.2872
0.284776
0.28239
0.280038
0.277719
0.275431
0.273173
0.270944
0.268743
0.266568
0.26442
0.262296
0.260197
0.258121
0.25607
0.254041
0.252035
0.250052
0.248091
0.246152
0.244236
0.242342
0.240471
0.238622
0.236795
0.234991
0.233211
0.231453
0.229719
0.228009
0.226322
0.224658
0.223019
0.221403
0.219811
0.218242
0.216695
0.215171
0.213667
0.212185
0.210722
0.209278
0.207852
0.206441
0.205046
0.203665
0.202296
0.200938
0.19959
0.198252
0.196921
0.195596
0.194278
0.192964
0.191654
0.190348
0.189045
0.187744
0.186445
0.185148
0.183853
0.18256
0.181268
0.179978
0.17869
0.177405
0.176123
0.174844
0.173569
0.172298
0.171032
0.169771
0.168516
0.167267
0.166024
0.164788
0.163558
0.162335
0.161119
0.159909
0.158705
0.157507
0.156315
0.155128
0.153946
0.152768
0.151593
0.150422
0.149254
0.148088
0.146924
0.145762
0.144601
0.143441
0.142281
0.141122
0.139963
0.138805
0.137646
0.136487
0.135328
0.134169
0.13301
0.131851
0.130691
0.129531
0.128371
0.12721
0.12605
0.124889
0.123728
0.122567
0.121406
0.120245
0.119083
0.117922
0.11676
0.115599
0.114437
0.113275
0.112114
0.110952
0.10979
0.108629
0.107467
0.106305
0.105143
0.103981
0.10282
0.101658
0.100496
0.0993343
0.0981725
0.0970107
0.0958489
0.0946871
0.0935253
0.0923635
0.0912017
0.0900399
0.0888782
0.0877164
0.0865546
0.0853928
0.084231
0.0830692
0.0819074
0.0807456
0.0795838
0.078422
0.0772602
0.0760984
0.0749366
0.0737748
0.072613
0.0714512
0.0702894
0.0691276
0.0679658
0.066804
0.0656422
0.0644804
0.0633186
0.0621568
0.060995
0.0598332
0.0586714
0.0575096
0.0563478
0.0551861
0.0540243
0.0528625
0.0517007
0.0505389
0.0493771
0.0482153
0.0470535
0.0458917
0.0447299
0.0435681
0.0424063
0.0412445
0.0400827
0.0389209
0.0377591
0.0365973
0.0354355
0.0342737
0.0331119
0.0319501
0.0307883
0.0296265
0.0284647
0.0273029
0.0261411
0.0249793
0.0238175
0.0226557
0.0214938
0.020332
0.0191702
0.0180084
0.0168466
0.0156848
0.014523
0.0133612
0.0121994
0.0110376
0.00987583
0.00871406
0.00755227
0.00639053
0.00522877
0.00406711
0.00290531
0.00174376
0.000581729
0.43912
0.436832
0.432469
0.42615
0.418461
0.410148
0.40178
0.393658
0.385916
0.378631
0.371852
0.365591
0.359821
0.354492
0.349548
0.344935
0.340608
0.336526
0.332655
0.328966
0.325436
0.322044
0.318774
0.315612
0.312547
0.309568
0.306667
0.303838
0.301074
0.298369
0.29572
0.293121
0.29057
0.288064
0.285599
0.283173
0.280785
0.278431
0.276111
0.273824
0.271567
0.269339
0.26714
0.264968
0.262823
0.260704
0.258611
0.256542
0.254498
0.252477
0.25048
0.248506
0.246556
0.244629
0.242724
0.240843
0.238985
0.237149
0.235337
0.233548
0.231782
0.23004
0.228321
0.226626
0.224955
0.223306
0.221682
0.22008
0.218501
0.216945
0.21541
0.213896
0.212403
0.21093
0.209474
0.208037
0.206615
0.205209
0.203817
0.202438
0.20107
0.199713
0.198365
0.197026
0.195694
0.194368
0.193048
0.191732
0.190421
0.189113
0.187809
0.186507
0.185207
0.18391
0.182615
0.181322
0.180031
0.178742
0.177456
0.176173
0.174894
0.173618
0.172346
0.171079
0.169817
0.16856
0.16731
0.166065
0.164827
0.163595
0.16237
0.161151
0.159939
0.158733
0.157533
0.156338
0.155149
0.153964
0.152784
0.151608
0.150435
0.149265
0.148098
0.146933
0.145769
0.144607
0.143446
0.142285
0.141126
0.139966
0.138807
0.137648
0.136489
0.13533
0.13417
0.133011
0.131851
0.130691
0.129531
0.128371
0.127211
0.12605
0.124889
0.123728
0.122567
0.121406
0.120245
0.119083
0.117922
0.11676
0.115599
0.114437
0.113275
0.112114
0.110952
0.10979
0.108629
0.107467
0.106305
0.105143
0.103981
0.10282
0.101658
0.100496
0.0993343
0.0981725
0.0970107
0.0958489
0.0946871
0.0935253
0.0923635
0.0912017
0.0900399
0.0888782
0.0877164
0.0865546
0.0853928
0.084231
0.0830692
0.0819074
0.0807456
0.0795838
0.078422
0.0772602
0.0760984
0.0749366
0.0737748
0.072613
0.0714512
0.0702894
0.0691276
0.0679658
0.066804
0.0656422
0.0644804
0.0633186
0.0621568
0.060995
0.0598332
0.0586714
0.0575096
0.0563478
0.055186
0.0540243
0.0528625
0.0517007
0.0505389
0.0493771
0.0482153
0.0470535
0.0458917
0.0447299
0.0435681
0.0424063
0.0412445
0.0400827
0.0389209
0.0377591
0.0365973
0.0354355
0.0342737
0.0331119
0.0319501
0.0307883
0.0296265
0.0284646
0.0273028
0.026141
0.0249792
0.0238174
0.0226556
0.0214938
0.020332
0.0191702
0.0180084
0.0168466
0.0156848
0.014523
0.0133612
0.0121994
0.0110376
0.00987582
0.00871404
0.00755226
0.00639052
0.00522877
0.0040671
0.00290531
0.00174373
0.000581677
0.428833
0.427096
0.423765
0.418875
0.412779
0.405985
0.398939
0.391924
0.385094
0.378538
0.372314
0.366455
0.360963
0.355817
0.350986
0.346436
0.342133
0.338049
0.334157
0.330436
0.326864
0.323426
0.320106
0.316892
0.313775
0.310744
0.307793
0.304914
0.302102
0.299351
0.296657
0.294016
0.291425
0.28888
0.286379
0.283919
0.281498
0.279114
0.276766
0.274452
0.272169
0.269918
0.267697
0.265505
0.263341
0.261205
0.259095
0.25701
0.254952
0.252918
0.250908
0.248923
0.246962
0.245025
0.243111
0.241221
0.239354
0.23751
0.23569
0.233894
0.23212
0.230371
0.228644
0.226941
0.225262
0.223606
0.221973
0.220362
0.218774
0.217208
0.215663
0.214139
0.212635
0.211151
0.209685
0.208236
0.206803
0.205386
0.203983
0.202593
0.201215
0.199847
0.19849
0.197142
0.195801
0.194468
0.19314
0.191818
0.190501
0.189189
0.18788
0.186574
0.185271
0.183971
0.182674
0.18138
0.180087
0.178798
0.177512
0.176228
0.174948
0.173672
0.1724
0.171132
0.16987
0.168612
0.16736
0.166114
0.164874
0.163641
0.162414
0.161193
0.159978
0.158769
0.157567
0.15637
0.155178
0.153991
0.152808
0.151629
0.150454
0.149282
0.148113
0.146945
0.14578
0.144616
0.143454
0.142292
0.141132
0.139971
0.138811
0.137651
0.136492
0.135332
0.134172
0.133013
0.131853
0.130692
0.129532
0.128372
0.127211
0.12605
0.124889
0.123728
0.122567
0.121406
0.120245
0.119083
0.117922
0.11676
0.115599
0.114437
0.113275
0.112114
0.110952
0.10979
0.108628
0.107467
0.106305
0.105143
0.103981
0.10282
0.101658
0.100496
0.0993343
0.0981725
0.0970107
0.0958489
0.0946871
0.0935253
0.0923635
0.0912017
0.0900399
0.0888782
0.0877164
0.0865546
0.0853928
0.084231
0.0830692
0.0819074
0.0807456
0.0795838
0.078422
0.0772602
0.0760984
0.0749366
0.0737748
0.072613
0.0714512
0.0702894
0.0691276
0.0679658
0.066804
0.0656422
0.0644804
0.0633186
0.0621568
0.060995
0.0598332
0.0586714
0.0575096
0.0563478
0.055186
0.0540242
0.0528624
0.0517007
0.0505389
0.0493771
0.0482153
0.0470535
0.0458917
0.0447299
0.0435681
0.0424063
0.0412445
0.0400827
0.0389209
0.0377591
0.0365973
0.0354355
0.0342736
0.0331118
0.03195
0.0307882
0.0296264
0.0284646
0.0273028
0.026141
0.0249792
0.0238174
0.0226556
0.0214938
0.020332
0.0191702
0.0180084
0.0168466
0.0156848
0.014523
0.0133612
0.0121994
0.0110376
0.00987579
0.00871401
0.00755223
0.00639047
0.00522872
0.00406701
0.00290523
0.00174357
0.000581508
0.42045
0.41909
0.416469
0.412586
0.407663
0.402049
0.39608
0.390001
0.383963
0.378059
0.372357
0.366896
0.361698
0.356762
0.352074
0.347617
0.343369
0.339312
0.335425
0.331694
0.328101
0.324633
0.321279
0.318028
0.314871
0.3118
0.308807
0.305887
0.303035
0.300245
0.297513
0.294836
0.29221
0.289632
0.287099
0.284609
0.28216
0.279749
0.277376
0.275038
0.272733
0.270462
0.268221
0.266011
0.26383
0.261677
0.259552
0.257454
0.255383
0.253337
0.251317
0.249321
0.247351
0.245404
0.243482
0.241584
0.239709
0.237859
0.236032
0.234228
0.232448
0.230692
0.228959
0.227249
0.225562
0.223898
0.222257
0.220639
0.219042
0.217467
0.215914
0.21438
0.212866
0.211372
0.209895
0.208435
0.206992
0.205564
0.204151
0.20275
0.201362
0.199985
0.198618
0.197261
0.195912
0.194571
0.193236
0.191908
0.190585
0.189266
0.187953
0.186643
0.185337
0.184034
0.182735
0.181438
0.180145
0.178855
0.177568
0.176284
0.175004
0.173728
0.172456
0.171188
0.169925
0.168667
0.167415
0.166168
0.164927
0.163692
0.162463
0.16124
0.160023
0.158812
0.157607
0.156407
0.155212
0.154023
0.152837
0.151656
0.150478
0.149303
0.148132
0.146962
0.145795
0.144629
0.143465
0.142302
0.14114
0.139978
0.138817
0.137656
0.136496
0.135336
0.134175
0.133015
0.131854
0.130694
0.129533
0.128373
0.127212
0.126051
0.12489
0.123729
0.122568
0.121406
0.120245
0.119083
0.117922
0.11676
0.115599
0.114437
0.113275
0.112114
0.110952
0.10979
0.108629
0.107467
0.106305
0.105143
0.103981
0.10282
0.101658
0.100496
0.0993343
0.0981725
0.0970107
0.0958489
0.0946871
0.0935253
0.0923635
0.0912017
0.0900399
0.0888781
0.0877164
0.0865546
0.0853928
0.084231
0.0830692
0.0819074
0.0807456
0.0795838
0.078422
0.0772602
0.0760984
0.0749366
0.0737748
0.072613
0.0714512
0.0702894
0.0691276
0.0679658
0.066804
0.0656422
0.0644804
0.0633186
0.0621568
0.060995
0.0598332
0.0586714
0.0575096
0.0563478
0.055186
0.0540242
0.0528624
0.0517006
0.0505388
0.049377
0.0482152
0.0470534
0.0458916
0.0447298
0.043568
0.0424062
0.0412444
0.0400826
0.0389208
0.037759
0.0365972
0.0354354
0.0342736
0.0331118
0.03195
0.0307882
0.0296264
0.0284646
0.0273028
0.026141
0.0249792
0.0238174
0.0226556
0.0214938
0.020332
0.0191702
0.0180084
0.0168466
0.0156848
0.014523
0.0133612
0.0121994
0.0110376
0.00987575
0.00871396
0.00755217
0.00639039
0.00522862
0.00406686
0.0029051
0.00174336
0.000581283
0.41355
0.412455
0.410339
0.407184
0.403133
0.398433
0.393333
0.388033
0.382672
0.377343
0.372113
0.36703
0.362123
0.357405
0.352877
0.348532
0.344359
0.340348
0.336486
0.332762
0.329164
0.325681
0.322306
0.319028
0.315841
0.312738
0.309712
0.306759
0.303873
0.30105
0.298286
0.295577
0.292921
0.290314
0.287753
0.285237
0.282763
0.280329
0.277933
0.275574
0.27325
0.270959
0.268701
0.266475
0.264279
0.262112
0.259974
0.257864
0.255781
0.253725
0.251694
0.24969
0.247711
0.245756
0.243826
0.241921
0.24004
0.238183
0.236349
0.23454
0.232754
0.230991
0.229252
0.227536
0.225843
0.224172
0.222525
0.220899
0.219295
0.217712
0.216149
0.214607
0.213085
0.211581
0.210095
0.208626
0.207173
0.205735
0.204312
0.202902
0.201505
0.200119
0.198743
0.197377
0.196021
0.194672
0.19333
0.191995
0.190666
0.189343
0.188025
0.186711
0.185401
0.184096
0.182794
0.181496
0.180201
0.17891
0.177622
0.176338
0.175058
0.173782
0.17251
0.171243
0.16998
0.168722
0.167469
0.166222
0.16498
0.163744
0.162514
0.16129
0.160071
0.158858
0.15765
0.156448
0.155251
0.154058
0.15287
0.151686
0.150505
0.149328
0.148154
0.146982
0.145812
0.144645
0.143478
0.142314
0.14115
0.139987
0.138824
0.137663
0.136501
0.13534
0.134179
0.133018
0.131857
0.130696
0.129535
0.128374
0.127213
0.126052
0.124891
0.123729
0.122568
0.121407
0.120245
0.119084
0.117922
0.11676
0.115599
0.114437
0.113275
0.112114
0.110952
0.10979
0.108629
0.107467
0.106305
0.105143
0.103981
0.10282
0.101658
0.100496
0.0993343
0.0981725
0.0970107
0.0958489
0.0946871
0.0935253
0.0923635
0.0912017
0.0900399
0.0888781
0.0877163
0.0865546
0.0853928
0.084231
0.0830692
0.0819074
0.0807456
0.0795838
0.078422
0.0772602
0.0760984
0.0749366
0.0737748
0.072613
0.0714512
0.0702894
0.0691276
0.0679658
0.066804
0.0656422
0.0644804
0.0633186
0.0621568
0.060995
0.0598332
0.0586714
0.0575096
0.0563478
0.055186
0.0540242
0.0528624
0.0517006
0.0505388
0.049377
0.0482152
0.0470534
0.0458916
0.0447298
0.043568
0.0424062
0.0412444
0.0400826
0.0389208
0.037759
0.0365972
0.0354354
0.0342736
0.0331118
0.03195
0.0307882
0.0296264
0.0284646
0.0273028
0.026141
0.0249792
0.0238174
0.0226556
0.0214938
0.020332
0.0191702
0.0180084
0.0168466
0.0156847
0.0145229
0.0133611
0.0121993
0.0110375
0.0098757
0.0087139
0.0075521
0.00639029
0.0052285
0.00406669
0.00290495
0.00174314
0.000581058
0.407839
0.406937
0.405189
0.402569
0.399174
0.395179
0.390774
0.386116
0.381328
0.376496
0.371687
0.36695
0.362319
0.357817
0.353453
0.349229
0.345143
0.341191
0.337366
0.333661
0.330069
0.326583
0.323196
0.319901
0.316693
0.313565
0.310514
0.307533
0.304619
0.301769
0.298977
0.296241
0.293559
0.290926
0.288342
0.285802
0.283306
0.280851
0.278435
0.276057
0.273716
0.271409
0.269135
0.266895
0.264685
0.262506
0.260356
0.258235
0.256141
0.254076
0.252037
0.250024
0.248037
0.246075
0.244139
0.242227
0.240339
0.238476
0.236638
0.234822
0.233031
0.231263
0.229518
0.227797
0.226098
0.224421
0.222767
0.221135
0.219524
0.217934
0.216365
0.214815
0.213285
0.211772
0.210278
0.208801
0.207339
0.205893
0.204461
0.203043
0.201637
0.200243
0.19886
0.197487
0.196123
0.194767
0.193419
0.192078
0.190744
0.189416
0.188093
0.186775
0.185463
0.184154
0.18285
0.18155
0.180254
0.178962
0.177673
0.176389
0.175109
0.173833
0.172561
0.171294
0.170031
0.168774
0.167521
0.166274
0.165031
0.163795
0.162564
0.161338
0.160118
0.158903
0.157693
0.156489
0.155289
0.154094
0.152903
0.151716
0.150533
0.149354
0.148177
0.147003
0.145831
0.144661
0.143493
0.142326
0.141161
0.139996
0.138833
0.13767
0.136507
0.135345
0.134183
0.133021
0.13186
0.130698
0.129537
0.128376
0.127214
0.126053
0.124891
0.12373
0.122568
0.121407
0.120245
0.119084
0.117922
0.116761
0.115599
0.114437
0.113275
0.112114
0.110952
0.10979
0.108629
0.107467
0.106305
0.105143
0.103981
0.10282
0.101658
0.100496
0.0993343
0.0981725
0.0970107
0.0958489
0.0946871
0.0935253
0.0923635
0.0912017
0.0900399
0.0888781
0.0877163
0.0865545
0.0853928
0.084231
0.0830692
0.0819074
0.0807456
0.0795838
0.078422
0.0772602
0.0760984
0.0749366
0.0737748
0.072613
0.0714512
0.0702894
0.0691276
0.0679658
0.066804
0.0656422
0.0644804
0.0633186
0.0621568
0.060995
0.0598332
0.0586714
0.0575096
0.0563478
0.055186
0.0540242
0.0528624
0.0517006
0.0505388
0.049377
0.0482152
0.0470534
0.0458916
0.0447298
0.043568
0.0424062
0.0412444
0.0400826
0.0389208
0.037759
0.0365972
0.0354354
0.0342736
0.0331118
0.03195
0.0307882
0.0296264
0.0284646
0.0273028
0.026141
0.0249792
0.0238174
0.0226556
0.0214938
0.020332
0.0191702
0.0180083
0.0168465
0.0156847
0.0145229
0.0133611
0.0121993
0.0110375
0.00987565
0.00871383
0.00755202
0.00639019
0.00522838
0.00406652
0.0029048
0.00174294
0.000580866
0.403103
0.402344
0.400869
0.398649
0.39575
0.392303
0.38845
0.384317
0.380007
0.375599
0.371157
0.36673
0.362354
0.358056
0.353851
0.34975
0.345755
0.341869
0.338088
0.334411
0.330834
0.327352
0.323961
0.320657
0.317434
0.314288
0.311216
0.308214
0.305277
0.302403
0.299589
0.29683
0.294125
0.291471
0.288865
0.286305
0.28379
0.281316
0.278883
0.276488
0.274131
0.27181
0.269523
0.267269
0.265047
0.262856
0.260696
0.258565
0.256463
0.254389
0.252342
0.250321
0.248327
0.246359
0.244417
0.242499
0.240606
0.238738
0.236894
0.235074
0.233278
0.231505
0.229755
0.228029
0.226325
0.224643
0.222983
0.221345
0.219729
0.218133
0.216557
0.215
0.213463
0.211944
0.210442
0.208957
0.207489
0.206035
0.204596
0.20317
0.201757
0.200356
0.198966
0.197586
0.196216
0.194854
0.193501
0.192155
0.190816
0.189483
0.188156
0.186835
0.185519
0.184208
0.182902
0.1816
0.180303
0.179009
0.17772
0.176436
0.175155
0.173879
0.172608
0.171341
0.170078
0.168821
0.167569
0.166321
0.165079
0.163842
0.16261
0.161383
0.160162
0.158945
0.157734
0.156528
0.155326
0.154129
0.152936
0.151746
0.150561
0.149379
0.1482
0.147023
0.145849
0.144678
0.143507
0.142339
0.141172
0.140006
0.138841
0.137677
0.136513
0.13535
0.134187
0.133025
0.131863
0.130701
0.129539
0.128377
0.127216
0.126054
0.124892
0.123731
0.122569
0.121407
0.120246
0.119084
0.117922
0.116761
0.115599
0.114437
0.113276
0.112114
0.110952
0.10979
0.108629
0.107467
0.106305
0.105143
0.103981
0.10282
0.101658
0.100496
0.0993343
0.0981725
0.0970107
0.0958489
0.0946871
0.0935253
0.0923635
0.0912017
0.0900399
0.0888781
0.0877163
0.0865545
0.0853928
0.084231
0.0830692
0.0819074
0.0807456
0.0795838
0.078422
0.0772602
0.0760984
0.0749366
0.0737748
0.072613
0.0714512
0.0702894
0.0691276
0.0679658
0.066804
0.0656422
0.0644804
0.0633186
0.0621568
0.060995
0.0598332
0.0586714
0.0575096
0.0563478
0.055186
0.0540242
0.0528624
0.0517006
0.0505388
0.049377
0.0482152
0.0470534
0.0458916
0.0447298
0.043568
0.0424062
0.0412444
0.0400826
0.0389208
0.037759
0.0365972
0.0354354
0.0342736
0.0331118
0.03195
0.0307882
0.0296264
0.0284646
0.0273028
0.026141
0.0249792
0.0238174
0.0226556
0.0214938
0.0203319
0.0191701
0.0180083
0.0168465
0.0156847
0.0145229
0.0133611
0.0121992
0.0110374
0.0098756
0.00871376
0.00755194
0.00639009
0.00522826
0.00406638
0.00290468
0.0017428
0.000580718
0.399187
0.398534
0.397264
0.395346
0.392827
0.389803
0.386387
0.382679
0.378764
0.374714
0.370587
0.36643
0.362281
0.358169
0.354115
0.350131
0.346227
0.342407
0.338675
0.33503
0.331473
0.328001
0.324611
0.321302
0.31807
0.314912
0.311825
0.308805
0.30585
0.302957
0.300123
0.297345
0.294621
0.291948
0.289324
0.286747
0.284214
0.281725
0.279276
0.276868
0.274497
0.272162
0.269863
0.267598
0.265366
0.263165
0.260995
0.258856
0.256745
0.254663
0.252609
0.250583
0.248583
0.246609
0.244661
0.242738
0.24084
0.238967
0.237119
0.235294
0.233494
0.231716
0.229962
0.228231
0.226523
0.224837
0.223172
0.221529
0.219907
0.218306
0.216724
0.215162
0.213619
0.212094
0.210586
0.209095
0.20762
0.20616
0.204714
0.203282
0.201863
0.200456
0.19906
0.197674
0.196299
0.194932
0.193574
0.192223
0.19088
0.189544
0.188213
0.186889
0.185571
0.184257
0.182949
0.181646
0.180347
0.179053
0.177763
0.176478
0.175197
0.173921
0.17265
0.171383
0.170121
0.168864
0.167611
0.166364
0.165121
0.163884
0.162651
0.161424
0.160201
0.158984
0.157771
0.156563
0.15536
0.15416
0.152965
0.151774
0.150587
0.149402
0.148221
0.147043
0.145867
0.144693
0.143521
0.142351
0.141183
0.140015
0.138849
0.137684
0.136519
0.135355
0.134192
0.133029
0.131866
0.130703
0.129541
0.128379
0.127217
0.126055
0.124893
0.123731
0.12257
0.121408
0.120246
0.119084
0.117923
0.116761
0.115599
0.114437
0.113276
0.112114
0.110952
0.10979
0.108629
0.107467
0.106305
0.105143
0.103981
0.10282
0.101658
0.100496
0.0993343
0.0981725
0.0970107
0.0958489
0.0946871
0.0935253
0.0923635
0.0912017
0.0900399
0.0888781
0.0877163
0.0865545
0.0853928
0.084231
0.0830692
0.0819074
0.0807456
0.0795838
0.078422
0.0772602
0.0760984
0.0749366
0.0737748
0.072613
0.0714512
0.0702894
0.0691276
0.0679658
0.066804
0.0656422
0.0644804
0.0633186
0.0621568
0.060995
0.0598332
0.0586714
0.0575096
0.0563478
0.055186
0.0540242
0.0528624
0.0517006
0.0505388
0.049377
0.0482152
0.0470534
0.0458916
0.0447298
0.043568
0.0424062
0.0412444
0.0400826
0.0389208
0.037759
0.0365972
0.0354354
0.0342736
0.0331118
0.03195
0.0307882
0.0296264
0.0284646
0.0273028
0.026141
0.0249792
0.0238174
0.0226556
0.0214937
0.0203319
0.0191701
0.0180083
0.0168465
0.0156847
0.0145228
0.013361
0.0121992
0.0110374
0.00987555
0.0087137
0.00755187
0.00639
0.00522817
0.00406627
0.00290459
0.00174269
0.000580616
0.395974
0.395401
0.394286
0.392596
0.390366
0.387671
0.384599
0.38123
0.377638
0.373884
0.370021
0.366096
0.362145
0.358198
0.354279
0.350403
0.346584
0.342829
0.339145
0.335534
0.331999
0.32854
0.325156
0.321846
0.318609
0.315442
0.312343
0.30931
0.306341
0.303432
0.300582
0.297788
0.295048
0.292359
0.28972
0.287128
0.284581
0.282078
0.279617
0.277195
0.274813
0.272467
0.270157
0.267882
0.265641
0.263432
0.261254
0.259107
0.256989
0.254901
0.252841
0.250808
0.248803
0.246824
0.244871
0.242944
0.241042
0.239165
0.237312
0.235484
0.233679
0.231898
0.23014
0.228405
0.226693
0.225003
0.223334
0.221687
0.22006
0.218454
0.216868
0.215301
0.213753
0.212223
0.21071
0.209213
0.207733
0.206267
0.204816
0.203379
0.201955
0.200542
0.199141
0.197751
0.196371
0.195
0.193637
0.192283
0.190936
0.189597
0.188264
0.186937
0.185616
0.184301
0.182991
0.181686
0.180386
0.179091
0.177801
0.176515
0.175235
0.173958
0.172687
0.17142
0.170158
0.168901
0.167649
0.166401
0.165158
0.16392
0.162687
0.161459
0.160236
0.159017
0.157804
0.156594
0.155389
0.154189
0.152992
0.151799
0.15061
0.149424
0.148241
0.14706
0.145883
0.144708
0.143534
0.142363
0.141193
0.140024
0.138857
0.13769
0.136525
0.13536
0.134196
0.133032
0.131869
0.130706
0.129543
0.128381
0.127218
0.126056
0.124894
0.123732
0.12257
0.121408
0.120246
0.119085
0.117923
0.116761
0.115599
0.114437
0.113276
0.112114
0.110952
0.10979
0.108629
0.107467
0.106305
0.105143
0.103981
0.10282
0.101658
0.100496
0.0993343
0.0981725
0.0970107
0.0958489
0.0946871
0.0935253
0.0923635
0.0912017
0.0900399
0.0888781
0.0877163
0.0865545
0.0853927
0.0842309
0.0830692
0.0819074
0.0807456
0.0795838
0.078422
0.0772602
0.0760984
0.0749366
0.0737748
0.072613
0.0714512
0.0702894
0.0691276
0.0679658
0.066804
0.0656422
0.0644804
0.0633186
0.0621568
0.060995
0.0598332
0.0586714
0.0575096
0.0563478
0.055186
0.0540242
0.0528624
0.0517006
0.0505388
0.049377
0.0482152
0.0470534
0.0458916
0.0447298
0.043568
0.0424062
0.0412444
0.0400826
0.0389208
0.037759
0.0365972
0.0354354
0.0342736
0.0331118
0.03195
0.0307882
0.0296264
0.0284646
0.0273028
0.026141
0.0249792
0.0238174
0.0226555
0.0214937
0.0203319
0.0191701
0.0180083
0.0168465
0.0156846
0.0145228
0.013361
0.0121992
0.0110373
0.0098755
0.00871364
0.00755181
0.00638993
0.00522809
0.00406618
0.00290452
0.00174262
0.00058055
0.393376
0.392863
0.391864
0.390347
0.388337
0.385894
0.383089
0.379989
0.376655
0.373141
0.369496
0.365763
0.361979
0.358174
0.354372
0.350592
0.346849
0.343154
0.339514
0.335936
0.332423
0.328978
0.325602
0.322294
0.319054
0.315882
0.312775
0.309733
0.306752
0.303831
0.300968
0.298161
0.295408
0.292706
0.290054
0.28745
0.284891
0.282376
0.279904
0.277472
0.275079
0.272725
0.270406
0.268123
0.265873
0.263657
0.261472
0.259319
0.257195
0.255101
0.253036
0.250998
0.248988
0.247005
0.245048
0.243117
0.241211
0.23933
0.237474
0.235643
0.233835
0.232051
0.230289
0.228551
0.226835
0.225142
0.22347
0.221819
0.220189
0.218579
0.216989
0.215418
0.213865
0.212331
0.210813
0.209312
0.207827
0.206358
0.204902
0.203461
0.202032
0.200615
0.19921
0.197816
0.196432
0.195057
0.193692
0.192334
0.190985
0.189642
0.188307
0.186978
0.185655
0.184338
0.183027
0.181721
0.18042
0.179125
0.177834
0.176548
0.175267
0.173991
0.172719
0.171452
0.17019
0.168933
0.167681
0.166433
0.16519
0.163952
0.162718
0.16149
0.160266
0.159046
0.157831
0.156621
0.155415
0.154213
0.153014
0.15182
0.150629
0.149442
0.148257
0.147076
0.145897
0.14472
0.143545
0.142373
0.141202
0.140032
0.138864
0.137696
0.13653
0.135364
0.1342
0.133035
0.131872
0.130708
0.129545
0.128382
0.12722
0.126057
0.124895
0.123733
0.122571
0.121409
0.120247
0.119085
0.117923
0.116761
0.115599
0.114438
0.113276
0.112114
0.110952
0.10979
0.108629
0.107467
0.106305
0.105143
0.103981
0.10282
0.101658
0.100496
0.0993343
0.0981725
0.0970107
0.0958489
0.0946871
0.0935253
0.0923635
0.0912017
0.0900399
0.0888781
0.0877163
0.0865545
0.0853927
0.0842309
0.0830691
0.0819074
0.0807456
0.0795838
0.078422
0.0772602
0.0760984
0.0749366
0.0737748
0.072613
0.0714512
0.0702894
0.0691276
0.0679658
0.066804
0.0656422
0.0644804
0.0633186
0.0621568
0.060995
0.0598332
0.0586714
0.0575096
0.0563478
0.055186
0.0540242
0.0528624
0.0517006
0.0505388
0.049377
0.0482152
0.0470534
0.0458916
0.0447298
0.043568
0.0424062
0.0412444
0.0400826
0.0389208
0.037759
0.0365972
0.0354354
0.0342736
0.0331118
0.03195
0.0307882
0.0296264
0.0284646
0.0273028
0.026141
0.0249792
0.0238173
0.0226555
0.0214937
0.0203319
0.0191701
0.0180083
0.0168464
0.0156846
0.0145228
0.013361
0.0121991
0.0110373
0.00987546
0.0087136
0.00755176
0.00638987
0.00522803
0.00406612
0.00290447
0.00174258
0.000580509
0.391327
0.390859
0.389947
0.388558
0.386713
0.38446
0.381859
0.378965
0.375832
0.372507
0.369036
0.365459
0.361811
0.358123
0.354419
0.35072
0.347041
0.343397
0.339797
0.336249
0.332757
0.329326
0.325957
0.322653
0.319413
0.316237
0.313124
0.310074
0.307085
0.304155
0.301282
0.298465
0.295701
0.292989
0.290327
0.287712
0.285144
0.28262
0.280139
0.277698
0.275298
0.272935
0.270609
0.268319
0.266063
0.263841
0.261651
0.259492
0.257363
0.255265
0.253195
0.251153
0.249139
0.247152
0.245192
0.243258
0.241349
0.239465
0.237607
0.235772
0.233962
0.232175
0.230411
0.22867
0.226951
0.225255
0.22358
0.221926
0.220293
0.21868
0.217086
0.215512
0.213956
0.212418
0.210897
0.209393
0.207904
0.206431
0.204972
0.203527
0.202095
0.200675
0.199266
0.197869
0.196482
0.195104
0.193736
0.192376
0.191024
0.18968
0.188343
0.187012
0.185688
0.18437
0.183057
0.18175
0.180449
0.179152
0.177861
0.176575
0.175294
0.174017
0.172746
0.171479
0.170217
0.16896
0.167707
0.166459
0.165216
0.163977
0.162744
0.161514
0.16029
0.15907
0.157854
0.156643
0.155435
0.154232
0.153033
0.151838
0.150646
0.149457
0.148271
0.147088
0.145908
0.14473
0.143555
0.142381
0.141209
0.140038
0.138869
0.137701
0.136534
0.135368
0.134203
0.133038
0.131874
0.13071
0.129547
0.128384
0.127221
0.126058
0.124896
0.123733
0.122571
0.121409
0.120247
0.119085
0.117923
0.116761
0.1156
0.114438
0.113276
0.112114
0.110952
0.10979
0.108629
0.107467
0.106305
0.105143
0.103981
0.10282
0.101658
0.100496
0.0993343
0.0981725
0.0970107
0.0958489
0.0946871
0.0935253
0.0923635
0.0912017
0.0900399
0.0888781
0.0877163
0.0865545
0.0853927
0.0842309
0.0830691
0.0819074
0.0807456
0.0795838
0.078422
0.0772602
0.0760984
0.0749366
0.0737748
0.072613
0.0714512
0.0702894
0.0691276
0.0679658
0.066804
0.0656422
0.0644804
0.0633186
0.0621568
0.060995
0.0598332
0.0586714
0.0575096
0.0563478
0.055186
0.0540242
0.0528624
0.0517006
0.0505388
0.049377
0.0482152
0.0470534
0.0458916
0.0447298
0.043568
0.0424062
0.0412444
0.0400826
0.0389208
0.037759
0.0365972
0.0354354
0.0342736
0.0331118
0.03195
0.0307882
0.0296264
0.0284646
0.0273028
0.026141
0.0249792
0.0238173
0.0226555
0.0214937
0.0203319
0.0191701
0.0180083
0.0168464
0.0156846
0.0145228
0.0133609
0.0121991
0.0110373
0.00987542
0.00871356
0.00755171
0.00638982
0.00522798
0.00406608
0.00290444
0.00174255
0.000580485
0.389779
0.389344
0.388493
0.387198
0.385472
0.383358
0.380906
0.378165
0.375182
0.372001
0.368662
0.365204
0.361661
0.358064
0.354437
0.350802
0.347176
0.343574
0.340006
0.336482
0.333008
0.329588
0.326227
0.322926
0.319687
0.316509
0.313393
0.310338
0.307342
0.304405
0.301525
0.2987
0.295928
0.293208
0.290538
0.287916
0.28534
0.282809
0.280321
0.277874
0.275467
0.273099
0.270767
0.268472
0.266211
0.263984
0.261789
0.259626
0.257494
0.255391
0.253318
0.251274
0.249257
0.247267
0.245304
0.243367
0.241456
0.23957
0.237709
0.235872
0.23406
0.23227
0.230505
0.228761
0.227041
0.225342
0.223665
0.222009
0.220373
0.218758
0.217162
0.215585
0.214027
0.212486
0.210962
0.209455
0.207964
0.206488
0.205026
0.203578
0.202143
0.200721
0.19931
0.19791
0.196521
0.195141
0.193771
0.192409
0.191055
0.189709
0.188371
0.187039
0.185713
0.184394
0.183081
0.181773
0.180471
0.179175
0.177883
0.176597
0.175315
0.174039
0.172767
0.1715
0.170238
0.168981
0.167728
0.16648
0.165236
0.163998
0.162763
0.161534
0.160309
0.159088
0.157872
0.15666
0.155452
0.154248
0.153048
0.151851
0.150658
0.149469
0.148282
0.147098
0.145917
0.144738
0.143562
0.142387
0.141215
0.140044
0.138874
0.137705
0.136538
0.135371
0.134205
0.13304
0.131876
0.130712
0.129548
0.128385
0.127222
0.126059
0.124896
0.123734
0.122572
0.12141
0.120247
0.119085
0.117923
0.116762
0.1156
0.114438
0.113276
0.112114
0.110952
0.10979
0.108629
0.107467
0.106305
0.105143
0.103981
0.10282
0.101658
0.100496
0.0993343
0.0981725
0.0970107
0.0958489
0.0946871
0.0935253
0.0923635
0.0912017
0.0900399
0.0888781
0.0877163
0.0865545
0.0853927
0.0842309
0.0830691
0.0819074
0.0807456
0.0795838
0.078422
0.0772602
0.0760984
0.0749366
0.0737748
0.072613
0.0714512
0.0702894
0.0691276
0.0679658
0.066804
0.0656422
0.0644804
0.0633186
0.0621568
0.060995
0.0598332
0.0586714
0.0575096
0.0563478
0.055186
0.0540242
0.0528624
0.0517006
0.0505388
0.049377
0.0482152
0.0470534
0.0458916
0.0447298
0.043568
0.0424062
0.0412444
0.0400826
0.0389208
0.037759
0.0365972
0.0354354
0.0342736
0.0331118
0.03195
0.0307882
0.0296264
0.0284646
0.0273028
0.026141
0.0249791
0.0238173
0.0226555
0.0214937
0.0203319
0.0191701
0.0180082
0.0168464
0.0156846
0.0145228
0.0133609
0.0121991
0.0110372
0.0098754
0.00871353
0.00755168
0.00638979
0.00522795
0.00406605
0.00290442
0.00174253
0.000580473
0.388696
0.388283
0.387474
0.386242
0.384597
0.382577
0.380228
0.377593
0.374714
0.371632
0.368386
0.365012
0.361544
0.358012
0.35444
0.350852
0.347264
0.343692
0.340149
0.336643
0.333182
0.329772
0.326417
0.323119
0.31988
0.316702
0.313583
0.310525
0.307525
0.304583
0.301698
0.298868
0.29609
0.293365
0.290689
0.288062
0.285481
0.282944
0.280451
0.278
0.275588
0.273215
0.27088
0.268581
0.266316
0.264086
0.261888
0.259722
0.257587
0.255482
0.253406
0.251359
0.24934
0.247349
0.245384
0.243445
0.241532
0.239645
0.237782
0.235944
0.234129
0.232339
0.230571
0.228827
0.227104
0.225404
0.223725
0.222068
0.22043
0.218813
0.217216
0.215637
0.214077
0.212534
0.211009
0.2095
0.208006
0.206528
0.205065
0.203615
0.202178
0.200754
0.199341
0.19794
0.196549
0.195167
0.193796
0.192432
0.191078
0.18973
0.188391
0.187058
0.185732
0.184412
0.183098
0.18179
0.180488
0.179191
0.177899
0.176612
0.175331
0.174054
0.172782
0.171515
0.170253
0.168996
0.167743
0.166495
0.165251
0.164012
0.162778
0.161548
0.160322
0.159101
0.157884
0.156672
0.155463
0.154259
0.153058
0.151861
0.150667
0.149477
0.14829
0.147105
0.145924
0.144744
0.143567
0.142392
0.141219
0.140047
0.138877
0.137708
0.13654
0.135373
0.134207
0.133042
0.131877
0.130713
0.129549
0.128386
0.127222
0.12606
0.124897
0.123734
0.122572
0.12141
0.120248
0.119086
0.117924
0.116762
0.1156
0.114438
0.113276
0.112114
0.110952
0.109791
0.108629
0.107467
0.106305
0.105143
0.103981
0.10282
0.101658
0.100496
0.0993343
0.0981725
0.0970107
0.0958489
0.0946871
0.0935253
0.0923635
0.0912017
0.0900399
0.0888781
0.0877163
0.0865545
0.0853927
0.0842309
0.0830691
0.0819074
0.0807456
0.0795838
0.078422
0.0772602
0.0760984
0.0749366
0.0737748
0.072613
0.0714512
0.0702894
0.0691276
0.0679658
0.066804
0.0656422
0.0644804
0.0633186
0.0621568
0.060995
0.0598332
0.0586714
0.0575096
0.0563478
0.055186
0.0540242
0.0528624
0.0517006
0.0505388
0.049377
0.0482152
0.0470534
0.0458916
0.0447298
0.043568
0.0424062
0.0412444
0.0400826
0.0389208
0.037759
0.0365972
0.0354354
0.0342736
0.0331118
0.03195
0.0307882
0.0296264
0.0284646
0.0273028
0.026141
0.0249791
0.0238173
0.0226555
0.0214937
0.0203319
0.0191701
0.0180082
0.0168464
0.0156846
0.0145227
0.0133609
0.0121991
0.0110372
0.00987538
0.00871351
0.00755166
0.00638977
0.00522793
0.00406603
0.00290441
0.00174253
0.000580466
0.388056
0.387655
0.386871
0.385675
0.384077
0.382112
0.379822
0.377249
0.374431
0.371408
0.368216
0.364893
0.36147
0.357977
0.354439
0.350878
0.347314
0.343761
0.340232
0.336737
0.333285
0.329881
0.326529
0.323233
0.319996
0.316817
0.313697
0.310636
0.307634
0.30469
0.301801
0.298968
0.296187
0.293459
0.29078
0.288149
0.285565
0.283025
0.280529
0.278075
0.275661
0.273285
0.270948
0.268646
0.26638
0.264147
0.261947
0.25978
0.257643
0.255536
0.253459
0.251411
0.24939
0.247398
0.245431
0.243492
0.241578
0.239689
0.237826
0.235986
0.234171
0.23238
0.230611
0.228866
0.227143
0.225441
0.223762
0.222103
0.220465
0.218846
0.217248
0.215668
0.214107
0.212563
0.211036
0.209526
0.208032
0.206553
0.205088
0.203637
0.202199
0.200774
0.19936
0.197957
0.196565
0.195183
0.19381
0.192447
0.191091
0.189743
0.188403
0.187069
0.185743
0.184423
0.183108
0.1818
0.180497
0.1792
0.177908
0.176622
0.17534
0.174063
0.172791
0.171524
0.170262
0.169005
0.167752
0.166504
0.16526
0.164021
0.162786
0.161556
0.16033
0.159109
0.157892
0.156679
0.15547
0.154265
0.153064
0.151867
0.150673
0.149482
0.148294
0.14711
0.145928
0.144748
0.14357
0.142395
0.141221
0.140049
0.138879
0.13771
0.136542
0.135375
0.134208
0.133043
0.131878
0.130713
0.12955
0.128386
0.127223
0.12606
0.124897
0.123735
0.122572
0.12141
0.120248
0.119086
0.117924
0.116762
0.1156
0.114438
0.113276
0.112114
0.110952
0.109791
0.108629
0.107467
0.106305
0.105143
0.103981
0.10282
0.101658
0.100496
0.0993343
0.0981725
0.0970107
0.0958489
0.0946871
0.0935253
0.0923635
0.0912017
0.0900399
0.0888781
0.0877163
0.0865545
0.0853927
0.0842309
0.0830691
0.0819073
0.0807455
0.0795838
0.078422
0.0772602
0.0760984
0.0749366
0.0737748
0.072613
0.0714512
0.0702894
0.0691276
0.0679658
0.066804
0.0656422
0.0644804
0.0633186
0.0621568
0.060995
0.0598332
0.0586714
0.0575096
0.0563478
0.055186
0.0540242
0.0528624
0.0517006
0.0505388
0.049377
0.0482152
0.0470534
0.0458916
0.0447298
0.043568
0.0424062
0.0412444
0.0400826
0.0389208
0.037759
0.0365972
0.0354354
0.0342736
0.0331118
0.03195
0.0307882
0.0296264
0.0284646
0.0273028
0.0261409
0.0249791
0.0238173
0.0226555
0.0214937
0.0203319
0.0191701
0.0180082
0.0168464
0.0156846
0.0145227
0.0133609
0.0121991
0.0110372
0.00987536
0.00871349
0.00755165
0.00638976
0.00522792
0.00406602
0.0029044
0.00174252
0.000580464
0.387844
0.387447
0.386671
0.385487
0.383904
0.381957
0.379687
0.377134
0.374336
0.371333
0.36816
0.364853
0.361444
0.357964
0.354437
0.350886
0.34733
0.343783
0.340259
0.336768
0.333319
0.329916
0.326566
0.323271
0.320034
0.316855
0.313735
0.310674
0.307671
0.304725
0.301836
0.299001
0.29622
0.29349
0.29081
0.288178
0.285593
0.283052
0.280555
0.2781
0.275685
0.273309
0.27097
0.268668
0.266401
0.264167
0.261967
0.259799
0.257661
0.255554
0.253477
0.251428
0.249407
0.247414
0.245447
0.243507
0.241593
0.239704
0.23784
0.236001
0.234185
0.232393
0.230625
0.228879
0.227155
0.225454
0.223774
0.222115
0.220476
0.218857
0.217258
0.215678
0.214116
0.212572
0.211045
0.209535
0.20804
0.206561
0.205096
0.203644
0.202206
0.20078
0.199366
0.197963
0.196571
0.195189
0.193815
0.192451
0.191095
0.189747
0.188407
0.187073
0.185747
0.184426
0.183112
0.181803
0.180501
0.179203
0.177912
0.176625
0.175343
0.174066
0.172795
0.171528
0.170265
0.169008
0.167755
0.166507
0.165263
0.164024
0.162789
0.161559
0.160333
0.159112
0.157894
0.156681
0.155473
0.154267
0.153066
0.151869
0.150675
0.149484
0.148296
0.147111
0.145929
0.144749
0.143571
0.142396
0.141222
0.14005
0.13888
0.13771
0.136542
0.135375
0.134209
0.133043
0.131878
0.130714
0.12955
0.128386
0.127223
0.12606
0.124897
0.123735
0.122572
0.12141
0.120248
0.119086
0.117924
0.116762
0.1156
0.114438
0.113276
0.112114
0.110952
0.109791
0.108629
0.107467
0.106305
0.105143
0.103981
0.10282
0.101658
0.100496
0.0993343
0.0981725
0.0970107
0.0958489
0.0946871
0.0935253
0.0923635
0.0912017
0.0900399
0.0888781
0.0877163
0.0865545
0.0853927
0.0842309
0.0830691
0.0819073
0.0807455
0.0795837
0.078422
0.0772602
0.0760984
0.0749366
0.0737748
0.072613
0.0714512
0.0702894
0.0691276
0.0679658
0.066804
0.0656422
0.0644804
0.0633186
0.0621568
0.060995
0.0598332
0.0586714
0.0575096
0.0563478
0.055186
0.0540242
0.0528624
0.0517006
0.0505388
0.049377
0.0482152
0.0470534
0.0458916
0.0447298
0.043568
0.0424062
0.0412444
0.0400826
0.0389208
0.037759
0.0365972
0.0354354
0.0342736
0.0331118
0.03195
0.0307882
0.0296264
0.0284646
0.0273028
0.0261409
0.0249791
0.0238173
0.0226555
0.0214937
0.0203319
0.01917
0.0180082
0.0168464
0.0156846
0.0145227
0.0133609
0.0121991
0.0110372
0.00987536
0.00871349
0.00755164
0.00638975
0.00522791
0.00406602
0.0029044
0.00174252
0.000580463
0.388056
0.387655
0.386871
0.385675
0.384077
0.382112
0.379822
0.377249
0.374431
0.371408
0.368216
0.364893
0.36147
0.357977
0.354439
0.350878
0.347314
0.34376
0.340232
0.336737
0.333285
0.329881
0.326529
0.323233
0.319996
0.316817
0.313697
0.310636
0.307634
0.30469
0.301801
0.298968
0.296187
0.293459
0.29078
0.288149
0.285565
0.283025
0.280529
0.278075
0.275661
0.273285
0.270948
0.268646
0.266379
0.264147
0.261947
0.259779
0.257643
0.255536
0.253459
0.251411
0.24939
0.247397
0.245431
0.243492
0.241578
0.239689
0.237825
0.235986
0.234171
0.23238
0.230611
0.228866
0.227142
0.225441
0.223761
0.222103
0.220465
0.218846
0.217248
0.215668
0.214107
0.212563
0.211036
0.209526
0.208032
0.206553
0.205088
0.203637
0.202199
0.200774
0.19936
0.197957
0.196565
0.195183
0.193811
0.192447
0.191091
0.189743
0.188403
0.18707
0.185743
0.184423
0.183108
0.1818
0.180498
0.1792
0.177908
0.176622
0.17534
0.174063
0.172792
0.171525
0.170262
0.169005
0.167752
0.166504
0.16526
0.164021
0.162786
0.161556
0.16033
0.159109
0.157892
0.156679
0.15547
0.154265
0.153064
0.151867
0.150673
0.149482
0.148294
0.14711
0.145928
0.144748
0.14357
0.142395
0.141221
0.14005
0.138879
0.13771
0.136542
0.135375
0.134208
0.133043
0.131878
0.130714
0.12955
0.128386
0.127223
0.12606
0.124897
0.123735
0.122572
0.12141
0.120248
0.119086
0.117924
0.116762
0.1156
0.114438
0.113276
0.112114
0.110952
0.109791
0.108629
0.107467
0.106305
0.105143
0.103982
0.10282
0.101658
0.100496
0.0993343
0.0981725
0.0970107
0.0958489
0.0946871
0.0935253
0.0923635
0.0912017
0.0900399
0.0888781
0.0877163
0.0865545
0.0853927
0.0842309
0.0830691
0.0819073
0.0807455
0.0795837
0.078422
0.0772602
0.0760984
0.0749366
0.0737748
0.072613
0.0714512
0.0702894
0.0691276
0.0679658
0.066804
0.0656422
0.0644804
0.0633186
0.0621568
0.060995
0.0598332
0.0586714
0.0575096
0.0563478
0.055186
0.0540242
0.0528624
0.0517006
0.0505388
0.049377
0.0482152
0.0470534
0.0458916
0.0447298
0.043568
0.0424062
0.0412444
0.0400826
0.0389208
0.037759
0.0365972
0.0354354
0.0342736
0.0331118
0.03195
0.0307882
0.0296264
0.0284646
0.0273028
0.0261409
0.0249791
0.0238173
0.0226555
0.0214937
0.0203319
0.01917
0.0180082
0.0168464
0.0156846
0.0145227
0.0133609
0.0121991
0.0110372
0.00987536
0.00871349
0.00755164
0.00638975
0.00522791
0.00406602
0.0029044
0.00174252
0.000580462
0.388696
0.388283
0.387474
0.386242
0.384597
0.382577
0.380228
0.377593
0.374714
0.371632
0.368386
0.365012
0.361544
0.358012
0.35444
0.350852
0.347264
0.343692
0.340149
0.336643
0.333182
0.329772
0.326417
0.323119
0.31988
0.316702
0.313583
0.310525
0.307525
0.304583
0.301698
0.298867
0.29609
0.293365
0.290689
0.288062
0.285481
0.282944
0.280451
0.277999
0.275588
0.273215
0.27088
0.268581
0.266316
0.264086
0.261888
0.259722
0.257587
0.255482
0.253406
0.251359
0.24934
0.247348
0.245384
0.243445
0.241532
0.239644
0.237782
0.235943
0.234129
0.232339
0.230571
0.228827
0.227104
0.225404
0.223725
0.222068
0.22043
0.218813
0.217216
0.215637
0.214077
0.212534
0.211009
0.2095
0.208006
0.206528
0.205065
0.203615
0.202178
0.200754
0.199341
0.19794
0.196549
0.195168
0.193796
0.192433
0.191078
0.189731
0.188391
0.187058
0.185732
0.184412
0.183098
0.18179
0.180488
0.179191
0.177899
0.176612
0.175331
0.174054
0.172782
0.171515
0.170253
0.168996
0.167743
0.166495
0.165251
0.164012
0.162778
0.161548
0.160322
0.159101
0.157884
0.156672
0.155463
0.154259
0.153058
0.151861
0.150667
0.149477
0.14829
0.147105
0.145924
0.144744
0.143567
0.142392
0.141219
0.140047
0.138877
0.137708
0.13654
0.135373
0.134207
0.133042
0.131877
0.130713
0.129549
0.128386
0.127222
0.12606
0.124897
0.123734
0.122572
0.12141
0.120248
0.119086
0.117924
0.116762
0.1156
0.114438
0.113276
0.112114
0.110952
0.109791
0.108629
0.107467
0.106305
0.105143
0.103982
0.10282
0.101658
0.100496
0.0993343
0.0981725
0.0970107
0.0958489
0.0946871
0.0935253
0.0923635
0.0912017
0.0900399
0.0888781
0.0877163
0.0865545
0.0853927
0.0842309
0.0830691
0.0819073
0.0807455
0.0795837
0.0784219
0.0772601
0.0760983
0.0749366
0.0737748
0.072613
0.0714512
0.0702894
0.0691276
0.0679658
0.066804
0.0656422
0.0644804
0.0633186
0.0621568
0.060995
0.0598332
0.0586714
0.0575096
0.0563478
0.055186
0.0540242
0.0528624
0.0517006
0.0505388
0.049377
0.0482152
0.0470534
0.0458916
0.0447298
0.043568
0.0424062
0.0412444
0.0400826
0.0389208
0.037759
0.0365972
0.0354354
0.0342736
0.0331118
0.03195
0.0307882
0.0296264
0.0284646
0.0273028
0.0261409
0.0249791
0.0238173
0.0226555
0.0214937
0.0203319
0.0191701
0.0180082
0.0168464
0.0156846
0.0145227
0.0133609
0.0121991
0.0110372
0.00987537
0.0087135
0.00755165
0.00638976
0.00522792
0.00406602
0.0029044
0.00174252
0.000580464
0.389779
0.389343
0.388493
0.387198
0.385472
0.383358
0.380906
0.378165
0.375182
0.372001
0.368662
0.365204
0.361661
0.358064
0.354437
0.350802
0.347176
0.343574
0.340006
0.336482
0.333008
0.329588
0.326227
0.322926
0.319687
0.316509
0.313393
0.310338
0.307342
0.304405
0.301525
0.2987
0.295928
0.293208
0.290538
0.287916
0.28534
0.282809
0.280321
0.277874
0.275467
0.273098
0.270767
0.268472
0.266211
0.263984
0.261789
0.259626
0.257494
0.255391
0.253318
0.251273
0.249256
0.247267
0.245304
0.243367
0.241456
0.23957
0.237709
0.235872
0.234059
0.23227
0.230504
0.228761
0.227041
0.225342
0.223665
0.222009
0.220373
0.218758
0.217162
0.215585
0.214026
0.212486
0.210962
0.209455
0.207964
0.206488
0.205026
0.203578
0.202144
0.200721
0.19931
0.19791
0.196521
0.195141
0.193771
0.192409
0.191056
0.18971
0.188371
0.187039
0.185714
0.184394
0.183081
0.181774
0.180472
0.179175
0.177883
0.176597
0.175315
0.174039
0.172767
0.1715
0.170238
0.168981
0.167728
0.16648
0.165237
0.163998
0.162764
0.161534
0.160309
0.159088
0.157872
0.15666
0.155452
0.154248
0.153048
0.151851
0.150658
0.149469
0.148282
0.147098
0.145917
0.144739
0.143562
0.142388
0.141215
0.140044
0.138874
0.137705
0.136538
0.135371
0.134205
0.13304
0.131876
0.130712
0.129548
0.128385
0.127222
0.126059
0.124896
0.123734
0.122572
0.12141
0.120248
0.119086
0.117924
0.116762
0.1156
0.114438
0.113276
0.112114
0.110952
0.109791
0.108629
0.107467
0.106305
0.105143
0.103982
0.10282
0.101658
0.100496
0.0993343
0.0981725
0.0970107
0.0958489
0.0946871
0.0935253
0.0923635
0.0912017
0.0900399
0.0888781
0.0877163
0.0865545
0.0853927
0.0842309
0.0830691
0.0819073
0.0807455
0.0795837
0.0784219
0.0772601
0.0760983
0.0749366
0.0737748
0.072613
0.0714512
0.0702894
0.0691276
0.0679658
0.066804
0.0656422
0.0644804
0.0633186
0.0621568
0.060995
0.0598332
0.0586714
0.0575096
0.0563478
0.055186
0.0540242
0.0528624
0.0517006
0.0505388
0.049377
0.0482152
0.0470534
0.0458916
0.0447298
0.043568
0.0424062
0.0412444
0.0400826
0.0389208
0.037759
0.0365972
0.0354354
0.0342736
0.0331118
0.03195
0.0307882
0.0296264
0.0284646
0.0273028
0.0261409
0.0249791
0.0238173
0.0226555
0.0214937
0.0203319
0.0191701
0.0180082
0.0168464
0.0156846
0.0145227
0.0133609
0.0121991
0.0110372
0.00987538
0.00871351
0.00755167
0.00638978
0.00522794
0.00406604
0.00290441
0.00174253
0.000580468
0.391327
0.390859
0.389947
0.388558
0.386713
0.38446
0.381859
0.378965
0.375832
0.372507
0.369036
0.365459
0.361811
0.358123
0.354419
0.350719
0.347041
0.343397
0.339797
0.336249
0.332757
0.329325
0.325957
0.322652
0.319412
0.316237
0.313124
0.310074
0.307085
0.304155
0.301282
0.298465
0.295701
0.292989
0.290327
0.287712
0.285144
0.28262
0.280138
0.277698
0.275297
0.272935
0.270609
0.268319
0.266063
0.263841
0.26165
0.259491
0.257363
0.255264
0.253194
0.251153
0.249139
0.247152
0.245192
0.243257
0.241349
0.239465
0.237606
0.235772
0.233961
0.232174
0.23041
0.22867
0.226951
0.225254
0.22358
0.221926
0.220293
0.21868
0.217086
0.215512
0.213956
0.212418
0.210897
0.209393
0.207904
0.206431
0.204972
0.203527
0.202095
0.200675
0.199267
0.197869
0.196482
0.195105
0.193736
0.192377
0.191025
0.18968
0.188343
0.187012
0.185688
0.18437
0.183058
0.181751
0.180449
0.179153
0.177862
0.176576
0.175294
0.174018
0.172746
0.171479
0.170217
0.16896
0.167707
0.16646
0.165216
0.163978
0.162744
0.161515
0.16029
0.15907
0.157854
0.156643
0.155436
0.154232
0.153033
0.151838
0.150646
0.149457
0.148271
0.147088
0.145908
0.14473
0.143555
0.142381
0.141209
0.140038
0.138869
0.137701
0.136534
0.135368
0.134203
0.133038
0.131874
0.13071
0.129547
0.128384
0.127221
0.126058
0.124896
0.123734
0.122571
0.121409
0.120247
0.119085
0.117923
0.116761
0.1156
0.114438
0.113276
0.112114
0.110952
0.109791
0.108629
0.107467
0.106305
0.105143
0.103982
0.10282
0.101658
0.100496
0.0993343
0.0981725
0.0970107
0.0958489
0.0946871
0.0935253
0.0923635
0.0912017
0.0900399
0.0888781
0.0877163
0.0865545
0.0853927
0.0842309
0.0830691
0.0819073
0.0807455
0.0795837
0.0784219
0.0772601
0.0760983
0.0749365
0.0737748
0.072613
0.0714512
0.0702894
0.0691276
0.0679658
0.066804
0.0656422
0.0644804
0.0633186
0.0621568
0.060995
0.0598332
0.0586714
0.0575096
0.0563478
0.055186
0.0540242
0.0528624
0.0517006
0.0505388
0.049377
0.0482152
0.0470534
0.0458916
0.0447298
0.043568
0.0424062
0.0412444
0.0400826
0.0389208
0.037759
0.0365972
0.0354354
0.0342736
0.0331118
0.03195
0.0307882
0.0296264
0.0284646
0.0273028
0.026141
0.0249791
0.0238173
0.0226555
0.0214937
0.0203319
0.0191701
0.0180082
0.0168464
0.0156846
0.0145228
0.0133609
0.0121991
0.0110372
0.00987541
0.00871354
0.00755169
0.0063898
0.00522796
0.00406606
0.00290443
0.00174254
0.000580475
0.393376
0.392863
0.391864
0.390347
0.388337
0.385894
0.383089
0.379989
0.376654
0.37314
0.369496
0.365763
0.361979
0.358174
0.354372
0.350592
0.346849
0.343154
0.339514
0.335936
0.332423
0.328978
0.325602
0.322294
0.319054
0.315882
0.312775
0.309732
0.306752
0.303831
0.300968
0.298161
0.295408
0.292706
0.290054
0.287449
0.284891
0.282376
0.279904
0.277472
0.275079
0.272724
0.270406
0.268122
0.265873
0.263657
0.261472
0.259318
0.257195
0.255101
0.253035
0.250998
0.248988
0.247004
0.245047
0.243116
0.241211
0.23933
0.237474
0.235642
0.233834
0.23205
0.230289
0.228551
0.226835
0.225141
0.223469
0.221819
0.220188
0.218579
0.216988
0.215417
0.213865
0.21233
0.210813
0.209312
0.207827
0.206358
0.204902
0.203461
0.202032
0.200616
0.199211
0.197816
0.196432
0.195058
0.193692
0.192335
0.190985
0.189643
0.188307
0.186979
0.185656
0.184339
0.183028
0.181722
0.180421
0.179125
0.177834
0.176549
0.175267
0.173991
0.17272
0.171453
0.170191
0.168934
0.167681
0.166433
0.16519
0.163952
0.162719
0.16149
0.160266
0.159046
0.157832
0.156621
0.155415
0.154213
0.153015
0.15182
0.150629
0.149442
0.148258
0.147076
0.145897
0.14472
0.143545
0.142373
0.141202
0.140032
0.138864
0.137696
0.13653
0.135365
0.1342
0.133035
0.131872
0.130708
0.129545
0.128382
0.12722
0.126057
0.124895
0.123733
0.122571
0.121409
0.120247
0.119085
0.117923
0.116761
0.1156
0.114438
0.113276
0.112114
0.110952
0.10979
0.108629
0.107467
0.106305
0.105143
0.103982
0.10282
0.101658
0.100496
0.0993343
0.0981725
0.0970107
0.0958489
0.0946871
0.0935253
0.0923635
0.0912017
0.0900399
0.0888781
0.0877163
0.0865545
0.0853927
0.0842309
0.0830691
0.0819073
0.0807455
0.0795837
0.0784219
0.0772601
0.0760983
0.0749365
0.0737747
0.0726129
0.0714512
0.0702894
0.0691276
0.0679658
0.066804
0.0656422
0.0644804
0.0633186
0.0621568
0.060995
0.0598332
0.0586714
0.0575096
0.0563478
0.055186
0.0540242
0.0528624
0.0517006
0.0505388
0.049377
0.0482152
0.0470534
0.0458916
0.0447298
0.043568
0.0424062
0.0412444
0.0400826
0.0389208
0.037759
0.0365972
0.0354354
0.0342736
0.0331118
0.03195
0.0307882
0.0296264
0.0284646
0.0273028
0.026141
0.0249791
0.0238173
0.0226555
0.0214937
0.0203319
0.0191701
0.0180083
0.0168464
0.0156846
0.0145228
0.0133609
0.0121991
0.0110373
0.00987544
0.00871357
0.00755173
0.00638984
0.00522799
0.00406609
0.00290445
0.00174255
0.000580487
0.395974
0.395401
0.394286
0.392596
0.390366
0.387671
0.384599
0.38123
0.377638
0.373884
0.370021
0.366096
0.362145
0.358198
0.354279
0.350403
0.346583
0.342829
0.339144
0.335534
0.331999
0.328539
0.325155
0.321846
0.318608
0.315442
0.312343
0.30931
0.306341
0.303432
0.300582
0.297788
0.295048
0.292359
0.28972
0.287128
0.284581
0.282078
0.279616
0.277195
0.274812
0.272467
0.270157
0.267882
0.26564
0.263431
0.261254
0.259106
0.256989
0.2549
0.25284
0.250808
0.248802
0.246823
0.24487
0.242943
0.241041
0.239164
0.237312
0.235483
0.233679
0.231898
0.23014
0.228405
0.226692
0.225002
0.223334
0.221686
0.22006
0.218454
0.216868
0.215301
0.213753
0.212222
0.210709
0.209213
0.207733
0.206267
0.204817
0.203379
0.201955
0.200543
0.199142
0.197751
0.196371
0.195
0.193638
0.192284
0.190937
0.189597
0.188264
0.186938
0.185617
0.184302
0.182992
0.181687
0.180387
0.179092
0.177802
0.176516
0.175235
0.173959
0.172688
0.171421
0.170159
0.168902
0.167649
0.166402
0.165159
0.163921
0.162688
0.16146
0.160236
0.159018
0.157804
0.156595
0.15539
0.154189
0.152992
0.151799
0.15061
0.149424
0.148241
0.147061
0.145883
0.144708
0.143534
0.142363
0.141193
0.140024
0.138857
0.137691
0.136525
0.13536
0.134196
0.133032
0.131869
0.130706
0.129543
0.128381
0.127219
0.126056
0.124894
0.123732
0.12257
0.121408
0.120247
0.119085
0.117923
0.116761
0.115599
0.114438
0.113276
0.112114
0.110952
0.10979
0.108629
0.107467
0.106305
0.105143
0.103982
0.10282
0.101658
0.100496
0.0993343
0.0981725
0.0970107
0.0958489
0.0946871
0.0935253
0.0923635
0.0912017
0.0900399
0.0888781
0.0877163
0.0865545
0.0853927
0.0842309
0.0830691
0.0819073
0.0807455
0.0795837
0.0784219
0.0772601
0.0760983
0.0749365
0.0737747
0.0726129
0.0714511
0.0702894
0.0691276
0.0679658
0.066804
0.0656422
0.0644804
0.0633186
0.0621568
0.060995
0.0598332
0.0586714
0.0575096
0.0563478
0.055186
0.0540242
0.0528624
0.0517006
0.0505388
0.049377
0.0482152
0.0470534
0.0458916
0.0447298
0.043568
0.0424062
0.0412444
0.0400826
0.0389208
0.037759
0.0365972
0.0354354
0.0342736
0.0331118
0.03195
0.0307882
0.0296264
0.0284646
0.0273028
0.026141
0.0249792
0.0238173
0.0226555
0.0214937
0.0203319
0.0191701
0.0180083
0.0168465
0.0156846
0.0145228
0.013361
0.0121991
0.0110373
0.00987547
0.00871361
0.00755177
0.00638989
0.00522804
0.00406614
0.00290449
0.00174258
0.000580511
0.399187
0.398534
0.397264
0.395346
0.392826
0.389803
0.386387
0.382679
0.378764
0.374714
0.370587
0.36643
0.362281
0.358169
0.354114
0.350131
0.346226
0.342407
0.338675
0.33503
0.331473
0.328
0.324611
0.321302
0.31807
0.314912
0.311824
0.308805
0.30585
0.302957
0.300123
0.297345
0.294621
0.291948
0.289324
0.286746
0.284214
0.281724
0.279276
0.276867
0.274496
0.272162
0.269863
0.267597
0.265365
0.263165
0.260995
0.258855
0.256745
0.254663
0.252609
0.250582
0.248582
0.246608
0.24466
0.242737
0.24084
0.238967
0.237118
0.235294
0.233493
0.231716
0.229962
0.228231
0.226522
0.224836
0.223172
0.221529
0.219907
0.218305
0.216724
0.215162
0.213619
0.212094
0.210586
0.209095
0.20762
0.20616
0.204715
0.203283
0.201863
0.200456
0.19906
0.197675
0.196299
0.194933
0.193574
0.192224
0.190881
0.189544
0.188214
0.18689
0.185572
0.184258
0.18295
0.181646
0.180348
0.179054
0.177764
0.176479
0.175198
0.173922
0.172651
0.171384
0.170122
0.168864
0.167612
0.166364
0.165122
0.163884
0.162652
0.161424
0.160202
0.158984
0.157771
0.156563
0.15536
0.154161
0.152966
0.151775
0.150587
0.149403
0.148222
0.147043
0.145867
0.144693
0.143522
0.142352
0.141183
0.140016
0.138849
0.137684
0.136519
0.135355
0.134192
0.133029
0.131866
0.130704
0.129541
0.128379
0.127217
0.126055
0.124893
0.123732
0.12257
0.121408
0.120246
0.119085
0.117923
0.116761
0.115599
0.114438
0.113276
0.112114
0.110952
0.10979
0.108629
0.107467
0.106305
0.105143
0.103982
0.10282
0.101658
0.100496
0.0993343
0.0981725
0.0970107
0.0958489
0.0946871
0.0935253
0.0923635
0.0912017
0.0900399
0.0888781
0.0877163
0.0865545
0.0853927
0.0842309
0.0830691
0.0819073
0.0807455
0.0795837
0.0784219
0.0772601
0.0760983
0.0749365
0.0737747
0.0726129
0.0714511
0.0702893
0.0691275
0.0679657
0.066804
0.0656422
0.0644804
0.0633186
0.0621568
0.060995
0.0598332
0.0586714
0.0575096
0.0563478
0.055186
0.0540242
0.0528624
0.0517006
0.0505388
0.049377
0.0482152
0.0470534
0.0458916
0.0447298
0.043568
0.0424062
0.0412444
0.0400826
0.0389208
0.037759
0.0365972
0.0354354
0.0342736
0.0331118
0.03195
0.0307882
0.0296264
0.0284646
0.0273028
0.026141
0.0249792
0.0238174
0.0226555
0.0214937
0.0203319
0.0191701
0.0180083
0.0168465
0.0156847
0.0145228
0.013361
0.0121992
0.0110373
0.00987552
0.00871366
0.00755183
0.00638995
0.00522811
0.00406621
0.00290454
0.00174263
0.000580554
0.403103
0.402344
0.400869
0.398649
0.39575
0.392303
0.38845
0.384317
0.380007
0.375599
0.371157
0.36673
0.362354
0.358055
0.353851
0.349749
0.345755
0.341868
0.338088
0.334411
0.330834
0.327352
0.323961
0.320656
0.317433
0.314288
0.311216
0.308214
0.305277
0.302403
0.299588
0.29683
0.294125
0.29147
0.288864
0.286305
0.283789
0.281316
0.278882
0.276488
0.274131
0.271809
0.269522
0.267268
0.265047
0.262856
0.260696
0.258565
0.256462
0.254388
0.252341
0.250321
0.248327
0.246359
0.244416
0.242499
0.240606
0.238738
0.236894
0.235073
0.233277
0.231504
0.229755
0.228028
0.226324
0.224643
0.222983
0.221345
0.219728
0.218132
0.216556
0.215
0.213463
0.211944
0.210442
0.208957
0.207489
0.206035
0.204596
0.20317
0.201758
0.200356
0.198966
0.197587
0.196216
0.194855
0.193501
0.192156
0.190817
0.189484
0.188157
0.186836
0.18552
0.184209
0.182903
0.181601
0.180304
0.17901
0.177721
0.176437
0.175156
0.17388
0.172609
0.171342
0.170079
0.168822
0.167569
0.166322
0.165079
0.163842
0.16261
0.161384
0.160162
0.158946
0.157734
0.156528
0.155326
0.154129
0.152936
0.151747
0.150561
0.149379
0.1482
0.147024
0.14585
0.144678
0.143508
0.142339
0.141172
0.140006
0.138841
0.137677
0.136513
0.13535
0.134188
0.133025
0.131863
0.130701
0.129539
0.128377
0.127216
0.126054
0.124892
0.123731
0.122569
0.121408
0.120246
0.119084
0.117923
0.116761
0.115599
0.114437
0.113276
0.112114
0.110952
0.10979
0.108629
0.107467
0.106305
0.105143
0.103982
0.10282
0.101658
0.100496
0.0993343
0.0981725
0.0970107
0.0958489
0.0946871
0.0935253
0.0923635
0.0912017
0.0900399
0.0888781
0.0877163
0.0865545
0.0853927
0.0842309
0.0830691
0.0819073
0.0807455
0.0795837
0.0784219
0.0772601
0.0760983
0.0749365
0.0737747
0.0726129
0.0714511
0.0702893
0.0691275
0.0679657
0.0668039
0.0656422
0.0644804
0.0633186
0.0621568
0.060995
0.0598332
0.0586714
0.0575096
0.0563478
0.055186
0.0540242
0.0528624
0.0517006
0.0505388
0.049377
0.0482152
0.0470534
0.0458916
0.0447298
0.043568
0.0424062
0.0412444
0.0400826
0.0389208
0.037759
0.0365972
0.0354354
0.0342736
0.0331118
0.03195
0.0307882
0.0296264
0.0284646
0.0273028
0.026141
0.0249792
0.0238174
0.0226556
0.0214938
0.0203319
0.0191701
0.0180083
0.0168465
0.0156847
0.0145229
0.013361
0.0121992
0.0110374
0.00987557
0.00871372
0.00755189
0.00639003
0.00522819
0.0040663
0.00290461
0.0017427
0.000580622
0.407839
0.406937
0.405189
0.402568
0.399173
0.395179
0.390774
0.386116
0.381327
0.376496
0.371686
0.366949
0.362319
0.357817
0.353452
0.349229
0.345143
0.341191
0.337366
0.333661
0.330069
0.326583
0.323196
0.319901
0.316693
0.313565
0.310513
0.307533
0.304619
0.301768
0.298977
0.296241
0.293558
0.290926
0.288341
0.285802
0.283306
0.28085
0.278435
0.276057
0.273715
0.271408
0.269135
0.266894
0.264684
0.262505
0.260355
0.258234
0.256141
0.254075
0.252036
0.250023
0.248036
0.246074
0.244138
0.242226
0.240339
0.238476
0.236637
0.234822
0.23303
0.231262
0.229518
0.227796
0.226097
0.224421
0.222767
0.221135
0.219524
0.217934
0.216364
0.214815
0.213284
0.211772
0.210278
0.208801
0.207339
0.205893
0.204462
0.203043
0.201638
0.200244
0.19886
0.197487
0.196123
0.194768
0.19342
0.192079
0.190745
0.189417
0.188094
0.186777
0.185464
0.184155
0.182851
0.181551
0.180255
0.178963
0.177674
0.17639
0.17511
0.173834
0.172562
0.171295
0.170032
0.168775
0.167522
0.166274
0.165032
0.163796
0.162564
0.161339
0.160118
0.158903
0.157694
0.156489
0.15529
0.154094
0.152904
0.151717
0.150534
0.149354
0.148177
0.147003
0.145831
0.144661
0.143493
0.142326
0.141161
0.139996
0.138833
0.13767
0.136507
0.135345
0.134183
0.133022
0.13186
0.130699
0.129537
0.128376
0.127214
0.126053
0.124892
0.12373
0.122569
0.121407
0.120246
0.119084
0.117922
0.116761
0.115599
0.114437
0.113276
0.112114
0.110952
0.10979
0.108629
0.107467
0.106305
0.105143
0.103982
0.10282
0.101658
0.100496
0.0993343
0.0981725
0.0970107
0.0958489
0.0946871
0.0935253
0.0923635
0.0912017
0.0900399
0.0888781
0.0877163
0.0865545
0.0853927
0.0842309
0.0830691
0.0819073
0.0807455
0.0795837
0.0784219
0.0772601
0.0760983
0.0749365
0.0737747
0.0726129
0.0714511
0.0702893
0.0691275
0.0679657
0.0668039
0.0656421
0.0644803
0.0633185
0.0621568
0.060995
0.0598332
0.0586714
0.0575096
0.0563478
0.055186
0.0540242
0.0528624
0.0517006
0.0505388
0.049377
0.0482152
0.0470534
0.0458916
0.0447298
0.043568
0.0424062
0.0412444
0.0400826
0.0389208
0.037759
0.0365972
0.0354354
0.0342736
0.0331118
0.03195
0.0307882
0.0296264
0.0284646
0.0273028
0.026141
0.0249792
0.0238174
0.0226556
0.0214938
0.020332
0.0191701
0.0180083
0.0168465
0.0156847
0.0145229
0.0133611
0.0121993
0.0110374
0.00987562
0.00871379
0.00755197
0.00639012
0.00522829
0.00406642
0.00290472
0.0017428
0.000580725
0.41355
0.412455
0.410339
0.407183
0.403133
0.398432
0.393333
0.388033
0.382671
0.377343
0.372113
0.36703
0.362123
0.357405
0.352877
0.348532
0.344359
0.340348
0.336486
0.332761
0.329163
0.325681
0.322305
0.319028
0.315841
0.312738
0.309712
0.306759
0.303873
0.30105
0.298286
0.295577
0.29292
0.290313
0.287753
0.285237
0.282762
0.280328
0.277932
0.275573
0.273249
0.270959
0.268701
0.266474
0.264278
0.262112
0.259973
0.257863
0.25578
0.253724
0.251694
0.249689
0.24771
0.245755
0.243826
0.24192
0.240039
0.238182
0.236349
0.234539
0.232753
0.23099
0.229251
0.227535
0.225842
0.224172
0.222524
0.220898
0.219294
0.217711
0.216149
0.214607
0.213084
0.21158
0.210095
0.208626
0.207173
0.205735
0.204312
0.202902
0.201505
0.200119
0.198744
0.197378
0.196021
0.194673
0.193331
0.191996
0.190668
0.189344
0.188026
0.186712
0.185403
0.184097
0.182795
0.181497
0.180202
0.178911
0.177624
0.17634
0.175059
0.173783
0.172511
0.171244
0.169981
0.168723
0.16747
0.166223
0.164981
0.163745
0.162515
0.16129
0.160071
0.158858
0.157651
0.156448
0.155251
0.154058
0.15287
0.151686
0.150505
0.149328
0.148154
0.146982
0.145813
0.144645
0.143479
0.142314
0.14115
0.139987
0.138825
0.137663
0.136501
0.13534
0.134179
0.133018
0.131857
0.130696
0.129535
0.128374
0.127213
0.126052
0.124891
0.12373
0.122568
0.121407
0.120245
0.119084
0.117922
0.116761
0.115599
0.114437
0.113276
0.112114
0.110952
0.10979
0.108629
0.107467
0.106305
0.105143
0.103982
0.10282
0.101658
0.100496
0.0993343
0.0981725
0.0970107
0.0958489
0.0946871
0.0935253
0.0923635
0.0912017
0.0900399
0.0888781
0.0877163
0.0865545
0.0853927
0.0842309
0.0830691
0.0819073
0.0807455
0.0795837
0.0784219
0.0772601
0.0760983
0.0749365
0.0737747
0.0726129
0.0714511
0.0702893
0.0691275
0.0679657
0.0668039
0.0656421
0.0644803
0.0633185
0.0621567
0.0609949
0.0598331
0.0586714
0.0575096
0.0563478
0.055186
0.0540242
0.0528624
0.0517006
0.0505388
0.049377
0.0482152
0.0470534
0.0458916
0.0447298
0.043568
0.0424062
0.0412444
0.0400826
0.0389208
0.037759
0.0365972
0.0354354
0.0342736
0.0331118
0.03195
0.0307882
0.0296264
0.0284646
0.0273028
0.026141
0.0249792
0.0238174
0.0226556
0.0214938
0.020332
0.0191702
0.0180084
0.0168466
0.0156847
0.0145229
0.0133611
0.0121993
0.0110375
0.00987568
0.00871386
0.00755205
0.00639022
0.00522841
0.00406657
0.00290484
0.00174296
0.000580873
0.42045
0.419089
0.416468
0.412585
0.407662
0.402049
0.39608
0.390001
0.383962
0.378059
0.372356
0.366896
0.361698
0.356762
0.352074
0.347617
0.343369
0.339311
0.335425
0.331693
0.328101
0.324633
0.321279
0.318028
0.314871
0.311799
0.308807
0.305887
0.303034
0.300244
0.297513
0.294835
0.292209
0.289631
0.287098
0.284608
0.282159
0.279749
0.277375
0.275037
0.272733
0.270461
0.26822
0.26601
0.263829
0.261677
0.259552
0.257454
0.255382
0.253336
0.251316
0.249321
0.24735
0.245403
0.243481
0.241583
0.239708
0.237858
0.236031
0.234227
0.232447
0.230691
0.228958
0.227248
0.225561
0.223898
0.222257
0.220638
0.219042
0.217467
0.215913
0.21438
0.212866
0.211371
0.209895
0.208435
0.206992
0.205564
0.204151
0.202751
0.201362
0.199986
0.198619
0.197262
0.195913
0.194572
0.193237
0.191909
0.190586
0.189268
0.187954
0.186645
0.185338
0.184036
0.182736
0.18144
0.180147
0.178856
0.177569
0.176286
0.175005
0.173729
0.172457
0.171189
0.169926
0.168668
0.167416
0.166169
0.164928
0.163693
0.162464
0.161241
0.160024
0.158813
0.157608
0.156408
0.155213
0.154023
0.152838
0.151656
0.150478
0.149304
0.148132
0.146963
0.145795
0.14463
0.143465
0.142302
0.14114
0.139978
0.138817
0.137657
0.136496
0.135336
0.134175
0.133015
0.131855
0.130694
0.129534
0.128373
0.127212
0.126051
0.12489
0.123729
0.122568
0.121406
0.120245
0.119084
0.117922
0.116761
0.115599
0.114437
0.113276
0.112114
0.110952
0.10979
0.108629
0.107467
0.106305
0.105143
0.103982
0.10282
0.101658
0.100496
0.0993343
0.0981725
0.0970107
0.0958489
0.0946871
0.0935253
0.0923635
0.0912017
0.0900399
0.0888781
0.0877163
0.0865545
0.0853927
0.0842309
0.0830691
0.0819073
0.0807455
0.0795837
0.0784219
0.0772601
0.0760983
0.0749365
0.0737747
0.0726129
0.0714511
0.0702893
0.0691275
0.0679657
0.0668039
0.0656421
0.0644803
0.0633185
0.0621567
0.0609949
0.0598331
0.0586713
0.0575096
0.0563478
0.055186
0.0540242
0.0528624
0.0517006
0.0505388
0.049377
0.0482152
0.0470534
0.0458916
0.0447298
0.043568
0.0424062
0.0412444
0.0400826
0.0389208
0.037759
0.0365972
0.0354354
0.0342736
0.0331118
0.03195
0.0307882
0.0296264
0.0284646
0.0273028
0.026141
0.0249792
0.0238174
0.0226556
0.0214938
0.020332
0.0191702
0.0180084
0.0168466
0.0156848
0.014523
0.0133612
0.0121993
0.0110375
0.00987573
0.00871393
0.00755213
0.00639032
0.00522852
0.00406673
0.00290498
0.00174314
0.000581062
0.428833
0.427096
0.423765
0.418875
0.412779
0.405985
0.398939
0.391924
0.385094
0.378538
0.372314
0.366455
0.360963
0.355817
0.350986
0.346435
0.342132
0.338048
0.334157
0.330435
0.326864
0.323425
0.320105
0.316892
0.313774
0.310744
0.307792
0.304913
0.302101
0.29935
0.296656
0.294015
0.291424
0.288879
0.286378
0.283918
0.281497
0.279114
0.276765
0.274451
0.272169
0.269918
0.267697
0.265505
0.263341
0.261204
0.259094
0.257009
0.254951
0.252917
0.250907
0.248922
0.246961
0.245024
0.24311
0.24122
0.239353
0.237509
0.235689
0.233893
0.232119
0.23037
0.228643
0.226941
0.225261
0.223605
0.221972
0.220361
0.218773
0.217207
0.215663
0.214139
0.212635
0.21115
0.209684
0.208236
0.206803
0.205386
0.203983
0.202593
0.201215
0.199848
0.198491
0.197143
0.195802
0.194469
0.193142
0.19182
0.190503
0.18919
0.187881
0.186576
0.185273
0.183973
0.182676
0.181381
0.180089
0.1788
0.177513
0.17623
0.17495
0.173674
0.172401
0.171134
0.169871
0.168613
0.167362
0.166115
0.164876
0.163642
0.162415
0.161194
0.159979
0.15877
0.157567
0.15637
0.155178
0.153991
0.152808
0.15163
0.150454
0.149282
0.148113
0.146946
0.14578
0.144617
0.143454
0.142293
0.141132
0.139972
0.138812
0.137652
0.136492
0.135332
0.134173
0.133013
0.131853
0.130693
0.129532
0.128372
0.127211
0.126051
0.12489
0.123729
0.122568
0.121406
0.120245
0.119084
0.117922
0.11676
0.115599
0.114437
0.113276
0.112114
0.110952
0.10979
0.108629
0.107467
0.106305
0.105143
0.103982
0.10282
0.101658
0.100496
0.0993343
0.0981725
0.0970107
0.0958489
0.0946871
0.0935253
0.0923635
0.0912017
0.0900399
0.0888781
0.0877163
0.0865545
0.0853927
0.0842309
0.0830691
0.0819073
0.0807455
0.0795837
0.0784219
0.0772601
0.0760983
0.0749365
0.0737747
0.0726129
0.0714511
0.0702893
0.0691275
0.0679657
0.0668039
0.0656421
0.0644803
0.0633185
0.0621567
0.0609949
0.0598331
0.0586713
0.0575095
0.0563478
0.055186
0.0540242
0.0528624
0.0517006
0.0505388
0.049377
0.0482152
0.0470534
0.0458916
0.0447298
0.043568
0.0424062
0.0412444
0.0400826
0.0389208
0.037759
0.0365972
0.0354354
0.0342736
0.0331118
0.03195
0.0307882
0.0296264
0.0284646
0.0273028
0.026141
0.0249792
0.0238174
0.0226556
0.0214938
0.020332
0.0191702
0.0180084
0.0168466
0.0156848
0.014523
0.0133612
0.0121994
0.0110376
0.00987578
0.00871399
0.00755219
0.00639041
0.00522863
0.00406688
0.00290512
0.00174335
0.000581273
0.43912
0.436832
0.432468
0.42615
0.418461
0.410148
0.40178
0.393658
0.385916
0.378631
0.371852
0.365591
0.359821
0.354492
0.349548
0.344935
0.340608
0.336525
0.332655
0.328966
0.325435
0.322044
0.318773
0.315611
0.312546
0.309567
0.306667
0.303838
0.301073
0.298369
0.295719
0.293121
0.29057
0.288063
0.285598
0.283172
0.280784
0.27843
0.276111
0.273823
0.271566
0.269338
0.267139
0.264967
0.262823
0.260704
0.25861
0.256541
0.254497
0.252476
0.250479
0.248506
0.246555
0.244628
0.242723
0.240842
0.238984
0.237148
0.235336
0.233547
0.231781
0.230039
0.22832
0.226625
0.224954
0.223305
0.221681
0.220079
0.2185
0.216944
0.215409
0.213896
0.212403
0.210929
0.209474
0.208036
0.206615
0.205209
0.203817
0.202438
0.20107
0.199714
0.198366
0.197027
0.195695
0.194369
0.193049
0.191734
0.190423
0.189115
0.18781
0.186509
0.185209
0.183912
0.182617
0.181323
0.180033
0.178744
0.177458
0.176175
0.174895
0.173619
0.172348
0.17108
0.169818
0.168562
0.167311
0.166066
0.164828
0.163596
0.162371
0.161152
0.15994
0.158733
0.157533
0.156339
0.155149
0.153965
0.152785
0.151608
0.150435
0.149266
0.148098
0.146933
0.145769
0.144607
0.143446
0.142286
0.141126
0.139967
0.138807
0.137648
0.136489
0.13533
0.134171
0.133011
0.131852
0.130692
0.129532
0.128371
0.127211
0.12605
0.124889
0.123728
0.122567
0.121406
0.120245
0.119083
0.117922
0.11676
0.115599
0.114437
0.113276
0.112114
0.110952
0.10979
0.108629
0.107467
0.106305
0.105143
0.103982
0.10282
0.101658
0.100496
0.0993343
0.0981725
0.0970107
0.0958489
0.0946871
0.0935253
0.0923635
0.0912017
0.0900399
0.0888781
0.0877163
0.0865545
0.0853927
0.0842309
0.0830691
0.0819073
0.0807455
0.0795837
0.0784219
0.0772601
0.0760983
0.0749365
0.0737747
0.0726129
0.0714511
0.0702893
0.0691275
0.0679657
0.0668039
0.0656421
0.0644803
0.0633185
0.0621567
0.0609949
0.0598331
0.0586713
0.0575095
0.0563477
0.055186
0.0540242
0.0528624
0.0517006
0.0505388
0.049377
0.0482152
0.0470534
0.0458916
0.0447298
0.043568
0.0424062
0.0412444
0.0400826
0.0389208
0.037759
0.0365972
0.0354354
0.0342736
0.0331118
0.03195
0.0307882
0.0296264
0.0284646
0.0273028
0.026141
0.0249792
0.0238174
0.0226556
0.0214938
0.020332
0.0191702
0.0180084
0.0168466
0.0156848
0.014523
0.0133612
0.0121994
0.0110376
0.00987582
0.00871404
0.00755224
0.00639048
0.00522871
0.004067
0.00290523
0.00174353
0.000581466
0.451928
0.448804
0.442886
0.434489
0.42462
0.414369
0.404402
0.394984
0.386207
0.378132
0.37079
0.364155
0.358154
0.352693
0.347687
0.343061
0.338753
0.334711
0.330895
0.327268
0.323805
0.320481
0.317281
0.314187
0.311189
0.308275
0.305438
0.302669
0.299962
0.297312
0.294715
0.292166
0.289662
0.287199
0.284776
0.282389
0.280037
0.277718
0.27543
0.273173
0.270944
0.268742
0.266568
0.264419
0.262295
0.260196
0.25812
0.256069
0.25404
0.252034
0.250051
0.24809
0.246151
0.244235
0.242341
0.24047
0.238621
0.236794
0.23499
0.23321
0.231452
0.229718
0.228007
0.226321
0.224657
0.223018
0.221402
0.21981
0.218241
0.216694
0.21517
0.213667
0.212184
0.210722
0.209278
0.207851
0.206441
0.205046
0.203665
0.202296
0.200939
0.199591
0.198253
0.196922
0.195598
0.194279
0.192966
0.191656
0.19035
0.189047
0.187746
0.186447
0.18515
0.183855
0.182562
0.18127
0.17998
0.178692
0.177407
0.176125
0.174846
0.173571
0.1723
0.171034
0.169773
0.168517
0.167268
0.166025
0.164789
0.163559
0.162336
0.16112
0.15991
0.158706
0.157508
0.156316
0.155129
0.153946
0.152768
0.151594
0.150423
0.149254
0.148089
0.146925
0.145762
0.144601
0.143441
0.142281
0.141122
0.139963
0.138805
0.137646
0.136488
0.135329
0.13417
0.13301
0.131851
0.130691
0.129531
0.128371
0.127211
0.12605
0.124889
0.123728
0.122567
0.121406
0.120245
0.119083
0.117922
0.11676
0.115599
0.114437
0.113276
0.112114
0.110952
0.10979
0.108629
0.107467
0.106305
0.105143
0.103982
0.10282
0.101658
0.100496
0.0993343
0.0981725
0.0970107
0.0958489
0.0946871
0.0935253
0.0923635
0.0912017
0.0900399
0.0888781
0.0877163
0.0865545
0.0853927
0.0842309
0.0830691
0.0819073
0.0807455
0.0795837
0.0784219
0.0772601
0.0760983
0.0749365
0.0737747
0.0726129
0.0714511
0.0702893
0.0691275
0.0679657
0.0668039
0.0656421
0.0644803
0.0633185
0.0621567
0.0609949
0.0598331
0.0586713
0.0575095
0.0563477
0.055186
0.0540242
0.0528624
0.0517006
0.0505388
0.049377
0.0482152
0.0470534
0.0458916
0.0447298
0.043568
0.0424062
0.0412444
0.0400826
0.0389208
0.037759
0.0365972
0.0354354
0.0342736
0.0331118
0.03195
0.0307882
0.0296264
0.0284646
0.0273028
0.026141
0.0249792
0.0238174
0.0226556
0.0214938
0.020332
0.0191702
0.0180084
0.0168466
0.0156848
0.014523
0.0133612
0.0121994
0.0110376
0.00987585
0.00871407
0.00755227
0.00639052
0.00522875
0.00406706
0.00290527
0.00174364
0.000581583
0.468185
0.463731
0.455386
0.443916
0.431093
0.418412
0.406534
0.395603
0.385664
0.376765
0.368895
0.36196
0.355814
0.35031
0.345325
0.340758
0.336533
0.332587
0.32887
0.325344
0.32198
0.318754
0.315646
0.312643
0.30973
0.306898
0.304137
0.301441
0.298803
0.296218
0.293682
0.291189
0.288738
0.286326
0.283949
0.281606
0.279294
0.277013
0.274761
0.272536
0.270337
0.268164
0.266015
0.263891
0.26179
0.259711
0.257656
0.255622
0.25361
0.25162
0.249651
0.247703
0.245777
0.243873
0.24199
0.240128
0.238289
0.236472
0.234677
0.232905
0.231156
0.229431
0.227728
0.22605
0.224395
0.222764
0.221158
0.219574
0.218014
0.216477
0.214963
0.21347
0.211998
0.210545
0.209111
0.207695
0.206295
0.204909
0.203538
0.202178
0.200829
0.19949
0.198159
0.196835
0.195517
0.194205
0.192896
0.191591
0.190289
0.188989
0.187691
0.186395
0.1851
0.183807
0.182515
0.181224
0.179935
0.178649
0.177365
0.176083
0.174805
0.173531
0.172262
0.170997
0.169738
0.168484
0.167237
0.165996
0.164762
0.163534
0.162313
0.161099
0.159891
0.158689
0.157493
0.156303
0.155117
0.153936
0.152759
0.151586
0.150416
0.149249
0.148084
0.146921
0.145759
0.144598
0.143438
0.142279
0.141121
0.139962
0.138804
0.137645
0.136487
0.135328
0.134169
0.13301
0.13185
0.130691
0.129531
0.128371
0.12721
0.12605
0.124889
0.123728
0.122567
0.121406
0.120245
0.119083
0.117922
0.11676
0.115599
0.114437
0.113276
0.112114
0.110952
0.10979
0.108629
0.107467
0.106305
0.105143
0.103982
0.10282
0.101658
0.100496
0.0993343
0.0981725
0.0970107
0.0958489
0.0946871
0.0935253
0.0923635
0.0912017
0.0900399
0.0888781
0.0877163
0.0865545
0.0853927
0.0842309
0.0830691
0.0819073
0.0807455
0.0795837
0.0784219
0.0772601
0.0760983
0.0749365
0.0737747
0.0726129
0.0714511
0.0702893
0.0691275
0.0679657
0.0668039
0.0656421
0.0644803
0.0633185
0.0621567
0.0609949
0.0598331
0.0586713
0.0575095
0.0563477
0.0551859
0.0540242
0.0528624
0.0517006
0.0505388
0.049377
0.0482152
0.0470534
0.0458916
0.0447298
0.043568
0.0424062
0.0412444
0.0400826
0.0389208
0.037759
0.0365972
0.0354354
0.0342736
0.0331118
0.03195
0.0307882
0.0296264
0.0284646
0.0273028
0.026141
0.0249792
0.0238174
0.0226557
0.0214939
0.0203321
0.0191703
0.0180085
0.0168467
0.0156849
0.0145231
0.0133613
0.0121995
0.0110377
0.00987586
0.00871407
0.00755228
0.00639052
0.00522874
0.00406704
0.00290523
0.00174362
0.000581582
0.489336
0.482549
0.470238
0.454265
0.437581
0.421967
0.407834
0.395148
0.383933
0.374221
0.365917
0.358811
0.352659
0.347247
0.342405
0.338007
0.333955
0.330178
0.326623
0.323248
0.320025
0.31693
0.313945
0.311055
0.308248
0.305514
0.302844
0.300233
0.297673
0.295161
0.292691
0.290261
0.287868
0.285508
0.28318
0.280882
0.278612
0.27637
0.274153
0.271961
0.269792
0.267647
0.265524
0.263424
0.261345
0.259287
0.25725
0.255233
0.253238
0.251262
0.249308
0.247373
0.245459
0.243566
0.241694
0.239843
0.238013
0.236205
0.234419
0.232656
0.230915
0.229198
0.227504
0.225833
0.224187
0.222564
0.220965
0.21939
0.217839
0.21631
0.214804
0.213319
0.211856
0.210411
0.208986
0.207578
0.206185
0.204808
0.203443
0.20209
0.200748
0.199415
0.198089
0.19677
0.195457
0.194149
0.192844
0.191542
0.190243
0.188945
0.187649
0.186355
0.185061
0.183769
0.182478
0.181189
0.179901
0.178616
0.177333
0.176053
0.174777
0.173504
0.172236
0.170973
0.169716
0.168464
0.167219
0.165979
0.164747
0.163521
0.162302
0.161089
0.159882
0.158682
0.157487
0.156298
0.155113
0.153933
0.152757
0.151584
0.150415
0.149248
0.148083
0.14692
0.145758
0.144598
0.143438
0.142279
0.14112
0.139962
0.138803
0.137645
0.136486
0.135328
0.134169
0.13301
0.13185
0.130691
0.129531
0.128371
0.12721
0.12605
0.124889
0.123728
0.122567
0.121406
0.120245
0.119083
0.117922
0.11676
0.115599
0.114437
0.113276
0.112114
0.110952
0.10979
0.108629
0.107467
0.106305
0.105143
0.103982
0.10282
0.101658
0.100496
0.0993343
0.0981725
0.0970107
0.0958489
0.0946871
0.0935253
0.0923635
0.0912017
0.0900399
0.0888781
0.0877163
0.0865545
0.0853927
0.0842309
0.0830691
0.0819073
0.0807455
0.0795837
0.0784219
0.0772601
0.0760983
0.0749365
0.0737747
0.0726129
0.0714511
0.0702893
0.0691275
0.0679657
0.0668039
0.0656421
0.0644803
0.0633185
0.0621567
0.0609949
0.0598331
0.0586713
0.0575095
0.0563477
0.0551859
0.0540242
0.0528624
0.0517006
0.0505388
0.049377
0.0482152
0.0470534
0.0458916
0.0447298
0.043568
0.0424062
0.0412444
0.0400826
0.0389208
0.037759
0.0365972
0.0354354
0.0342736
0.0331118
0.03195
0.0307882
0.0296264
0.0284646
0.0273028
0.026141
0.0249793
0.0238175
0.0226557
0.0214939
0.0203321
0.0191703
0.0180085
0.0168467
0.0156849
0.0145231
0.0133613
0.0121995
0.0110377
0.00987586
0.00871406
0.00755226
0.00639048
0.00522868
0.00406694
0.00290512
0.00174348
0.000581465
0.517879
0.506304
0.487106
0.464695
0.443323
0.424377
0.407679
0.39306
0.380588
0.370229
0.361717
0.354667
0.34872
0.343586
0.339051
0.334956
0.331187
0.327666
0.324339
0.321167
0.318124
0.315189
0.312348
0.309587
0.306896
0.304268
0.301693
0.299168
0.296687
0.294246
0.291841
0.28947
0.28713
0.284819
0.282536
0.280279
0.278047
0.275838
0.273653
0.27149
0.269348
0.267227
0.265127
0.263047
0.260987
0.258947
0.256926
0.254925
0.252944
0.250982
0.249039
0.247116
0.245213
0.243331
0.241468
0.239626
0.237805
0.236006
0.234228
0.232472
0.230739
0.229029
0.227342
0.225679
0.22404
0.222424
0.220832
0.219264
0.217719
0.216197
0.214698
0.21322
0.211762
0.210324
0.208904
0.207501
0.206114
0.204742
0.203382
0.202033
0.200695
0.199365
0.198043
0.196727
0.195417
0.19411
0.192808
0.191508
0.19021
0.188914
0.187619
0.186326
0.185034
0.183743
0.182453
0.181165
0.179878
0.178594
0.177313
0.176034
0.174759
0.173488
0.172222
0.170961
0.169705
0.168455
0.167211
0.165973
0.164742
0.163517
0.162299
0.161087
0.159882
0.158682
0.157488
0.156299
0.155114
0.153934
0.152758
0.151586
0.150416
0.149249
0.148084
0.146921
0.145759
0.144598
0.143439
0.142279
0.141121
0.139962
0.138803
0.137645
0.136486
0.135328
0.134169
0.13301
0.13185
0.13069
0.129531
0.12837
0.12721
0.12605
0.124889
0.123728
0.122567
0.121406
0.120245
0.119083
0.117922
0.11676
0.115599
0.114437
0.113275
0.112114
0.110952
0.10979
0.108629
0.107467
0.106305
0.105143
0.103982
0.10282
0.101658
0.100496
0.0993343
0.0981725
0.0970107
0.0958489
0.0946871
0.0935253
0.0923635
0.0912017
0.0900399
0.0888781
0.0877163
0.0865545
0.0853927
0.0842309
0.0830691
0.0819073
0.0807455
0.0795837
0.0784219
0.0772601
0.0760983
0.0749365
0.0737747
0.0726129
0.0714511
0.0702893
0.0691275
0.0679657
0.0668039
0.0656421
0.0644803
0.0633185
0.0621567
0.0609949
0.0598331
0.0586713
0.0575095
0.0563477
0.0551859
0.0540241
0.0528624
0.0517006
0.0505388
0.049377
0.0482152
0.0470534
0.0458916
0.0447298
0.043568
0.0424062
0.0412444
0.0400826
0.0389208
0.037759
0.0365972
0.0354354
0.0342736
0.0331118
0.03195
0.0307882
0.0296264
0.0284646
0.0273028
0.026141
0.0249793
0.0238175
0.0226557
0.0214939
0.0203321
0.0191703
0.0180085
0.0168467
0.0156849
0.0145231
0.0133613
0.0121995
0.0110377
0.00987585
0.00871404
0.00755222
0.00639042
0.0052286
0.0040668
0.00290497
0.00174325
0.000581285
0.559184
0.536328
0.50453
0.473348
0.446798
0.42428
0.404856
0.38846
0.375178
0.364722
0.356509
0.349933
0.344507
0.339884
0.335814
0.332125
0.328703
0.325474
0.322393
0.319428
0.316562
0.31378
0.31107
0.308424
0.305834
0.303295
0.3008
0.298346
0.295928
0.293544
0.291191
0.288866
0.286569
0.284296
0.282048
0.279822
0.277619
0.275436
0.273275
0.271134
0.269012
0.26691
0.264827
0.262763
0.260718
0.258692
0.256684
0.254695
0.252725
0.250774
0.248841
0.246928
0.245034
0.24316
0.241306
0.239472
0.237659
0.235866
0.234096
0.232347
0.230621
0.228917
0.227237
0.225579
0.223946
0.222336
0.22075
0.219187
0.217647
0.21613
0.214635
0.213162
0.211708
0.210274
0.208858
0.207458
0.206074
0.204704
0.203347
0.202
0.200664
0.199336
0.198015
0.196701
0.195391
0.194086
0.192784
0.191485
0.190188
0.188892
0.187599
0.186306
0.185015
0.183725
0.182436
0.181149
0.179864
0.178581
0.1773
0.176023
0.17475
0.17348
0.172215
0.170956
0.169701
0.168452
0.167209
0.165973
0.164743
0.163519
0.162301
0.16109
0.159885
0.158685
0.157491
0.156302
0.155118
0.153938
0.152762
0.151589
0.150419
0.149251
0.148086
0.146923
0.145761
0.1446
0.14344
0.14228
0.141121
0.139962
0.138804
0.137645
0.136486
0.135328
0.134169
0.133009
0.13185
0.13069
0.12953
0.12837
0.12721
0.126049
0.124889
0.123728
0.122567
0.121406
0.120244
0.119083
0.117922
0.11676
0.115599
0.114437
0.113275
0.112114
0.110952
0.10979
0.108629
0.107467
0.106305
0.105143
0.103982
0.10282
0.101658
0.100496
0.0993343
0.0981725
0.0970107
0.0958489
0.0946871
0.0935253
0.0923635
0.0912017
0.0900399
0.0888781
0.0877163
0.0865545
0.0853927
0.0842309
0.0830691
0.0819073
0.0807455
0.0795837
0.0784219
0.0772601
0.0760983
0.0749365
0.0737747
0.0726129
0.0714511
0.0702893
0.0691275
0.0679657
0.0668039
0.0656421
0.0644803
0.0633185
0.0621567
0.0609949
0.0598331
0.0586713
0.0575095
0.0563477
0.0551859
0.0540241
0.0528624
0.0517006
0.0505388
0.049377
0.0482152
0.0470534
0.0458916
0.0447298
0.043568
0.0424062
0.0412444
0.0400826
0.0389208
0.037759
0.0365972
0.0354354
0.0342736
0.0331118
0.03195
0.0307882
0.0296264
0.0284646
0.0273028
0.0261411
0.0249793
0.0238175
0.0226557
0.0214939
0.0203321
0.0191703
0.0180085
0.0168467
0.0156849
0.0145231
0.0133613
0.0121995
0.0110377
0.00987583
0.00871402
0.00755219
0.00639036
0.00522852
0.00406669
0.00290483
0.00174305
0.000581127
0.628471
0.576807
0.522229
0.47986
0.447723
0.421127
0.398863
0.381197
0.367936
0.358206
0.35096
0.34534
0.340745
0.336788
0.333231
0.329929
0.326802
0.323804
0.320908
0.318098
0.315362
0.312693
0.310082
0.307524
0.305011
0.30254
0.300106
0.297706
0.295337
0.292996
0.290681
0.288391
0.286125
0.283881
0.281658
0.279456
0.277274
0.275112
0.272969
0.270844
0.268738
0.26665
0.264581
0.262529
0.260496
0.258481
0.256483
0.254504
0.252543
0.250601
0.248677
0.246772
0.244886
0.243019
0.241172
0.239346
0.237539
0.235754
0.23399
0.232247
0.230527
0.228829
0.227155
0.225503
0.223875
0.222271
0.220689
0.219131
0.217596
0.216083
0.214592
0.213122
0.211672
0.210241
0.208827
0.20743
0.206048
0.204679
0.203323
0.201978
0.200642
0.199315
0.197995
0.196681
0.195372
0.194067
0.192766
0.191467
0.19017
0.188876
0.187582
0.18629
0.185
0.18371
0.182422
0.181136
0.179852
0.17857
0.177291
0.176015
0.174743
0.173474
0.172211
0.170952
0.169699
0.168451
0.167209
0.165973
0.164744
0.163521
0.162304
0.161093
0.159888
0.158688
0.157494
0.156305
0.155121
0.153941
0.152764
0.151591
0.150421
0.149254
0.148088
0.146924
0.145762
0.144601
0.143441
0.142281
0.141122
0.139963
0.138804
0.137645
0.136487
0.135328
0.134169
0.133009
0.13185
0.13069
0.12953
0.12837
0.12721
0.126049
0.124889
0.123728
0.122567
0.121406
0.120244
0.119083
0.117922
0.11676
0.115599
0.114437
0.113275
0.112114
0.110952
0.10979
0.108629
0.107467
0.106305
0.105143
0.103982
0.10282
0.101658
0.100496
0.0993343
0.0981725
0.0970107
0.0958489
0.0946871
0.0935253
0.0923635
0.0912017
0.0900399
0.0888781
0.0877163
0.0865545
0.0853927
0.0842309
0.0830691
0.0819073
0.0807455
0.0795837
0.0784219
0.0772601
0.0760983
0.0749365
0.0737747
0.0726129
0.0714511
0.0702893
0.0691275
0.0679657
0.0668039
0.0656421
0.0644803
0.0633185
0.0621567
0.0609949
0.0598331
0.0586713
0.0575095
0.0563477
0.0551859
0.0540241
0.0528624
0.0517006
0.0505388
0.049377
0.0482152
0.0470534
0.0458916
0.0447298
0.043568
0.0424062
0.0412444
0.0400826
0.0389208
0.037759
0.0365972
0.0354354
0.0342736
0.0331118
0.03195
0.0307882
0.0296264
0.0284646
0.0273028
0.0261411
0.0249793
0.0238175
0.0226557
0.0214939
0.0203321
0.0191703
0.0180085
0.0168467
0.0156849
0.0145231
0.0133613
0.0121995
0.0110376
0.00987582
0.00871399
0.00755216
0.00639032
0.00522848
0.00406662
0.00290476
0.00174292
0.000581032
0.750012
0.632458
0.542929
0.487905
0.449344
0.417844
0.392377
0.373395
0.36013
0.351079
0.344805
0.340216
0.336571
0.333409
0.330477
0.327652
0.324883
0.322155
0.319465
0.316818
0.314213
0.311653
0.309133
0.306654
0.30421
0.301799
0.299419
0.297067
0.29474
0.292438
0.290158
0.2879
0.285662
0.283444
0.281246
0.279066
0.276904
0.27476
0.272635
0.270526
0.268435
0.266362
0.264306
0.262267
0.260245
0.258241
0.256255
0.254286
0.252335
0.250401
0.248486
0.24659
0.244712
0.242854
0.241015
0.239195
0.237397
0.235618
0.233862
0.232126
0.230413
0.228722
0.227055
0.22541
0.223788
0.222189
0.220614
0.219062
0.217532
0.216024
0.214538
0.213072
0.211626
0.210198
0.208788
0.207394
0.206014
0.204648
0.203294
0.201951
0.200616
0.199291
0.197972
0.196659
0.19535
0.194046
0.192745
0.191447
0.190151
0.188857
0.187564
0.186273
0.184983
0.183694
0.182407
0.181121
0.179838
0.178557
0.177278
0.176003
0.174732
0.173465
0.172202
0.170944
0.169692
0.168445
0.167204
0.165969
0.164741
0.163518
0.162302
0.161092
0.159887
0.158688
0.157495
0.156306
0.155122
0.153942
0.152765
0.151592
0.150422
0.149255
0.148089
0.146925
0.145763
0.144602
0.143441
0.142282
0.141122
0.139963
0.138804
0.137646
0.136487
0.135328
0.134169
0.133009
0.13185
0.13069
0.12953
0.12837
0.12721
0.126049
0.124889
0.123728
0.122567
0.121406
0.120244
0.119083
0.117922
0.11676
0.115599
0.114437
0.113275
0.112114
0.110952
0.10979
0.108629
0.107467
0.106305
0.105143
0.103982
0.10282
0.101658
0.100496
0.0993343
0.0981725
0.0970107
0.0958489
0.0946871
0.0935253
0.0923635
0.0912017
0.0900399
0.0888781
0.0877163
0.0865545
0.0853927
0.0842309
0.0830691
0.0819073
0.0807455
0.0795837
0.0784219
0.0772601
0.0760983
0.0749365
0.0737747
0.0726129
0.0714511
0.0702893
0.0691275
0.0679657
0.0668039
0.0656421
0.0644803
0.0633185
0.0621567
0.0609949
0.0598331
0.0586713
0.0575095
0.0563477
0.0551859
0.0540241
0.0528624
0.0517006
0.0505388
0.049377
0.0482152
0.0470534
0.0458916
0.0447298
0.043568
0.0424062
0.0412444
0.0400826
0.0389208
0.037759
0.0365972
0.0354354
0.0342736
0.0331118
0.03195
0.0307882
0.0296264
0.0284646
0.0273028
0.026141
0.0249793
0.0238175
0.0226557
0.0214939
0.0203321
0.0191703
0.0180085
0.0168467
0.0156849
0.0145231
0.0133612
0.0121994
0.0110376
0.0098758
0.00871398
0.00755215
0.00639031
0.00522846
0.00406662
0.00290476
0.00174289
0.000581007
)
;

boundaryField
{
    inlet
    {
        type            zeroGradient;
    }
    outlet
    {
        type            fixedValue;
        value           uniform 0;
    }
    bottomWall
    {
        type            zeroGradient;
    }
    topWall
    {
        type            zeroGradient;
    }
    front
    {
        type            empty;
    }
    back
    {
        type            empty;
    }
}


// ************************************************************************* //
