# Moment        
# CofR          : (2.50000000e-01 2.00000000e-01 5.00000000e-03)
#
# Time          	total_x total_y total_z	pressure_x pressure_y pressure_z	viscous_x viscous_y viscous_z
1                -2.73441017e-06 -1.86561035e-05 -2.24492556e-03 -3.59458215e-06 -2.53725978e-06 -2.25641818e-03 8.60171988e-07 -1.61188438e-05 1.14926247e-05
2                9.13684712e-06 -2.77646192e-05 -5.44129220e-03 9.03577517e-06 -2.38544470e-06 -5.43895603e-03 1.01071953e-07 -2.53791745e-05 -2.33617400e-06
3                1.38945612e-05 -2.38641482e-05 2.98865310e-03 1.83767695e-05 1.90988966e-06 2.33445700e-03 -4.48220823e-06 -2.57740379e-05 6.54196107e-04
4                2.03944319e-05 -1.78008903e-05 1.01994726e-02 2.83242613e-05 4.93031372e-06 9.22068202e-03 -7.92982942e-06 -2.27312041e-05 9.78790607e-04
5                2.11335103e-05 -1.29872742e-05 8.15901893e-03 3.10877915e-05 5.00961214e-06 7.12566125e-03 -9.95428115e-06 -1.79968864e-05 1.03335768e-03
6                1.42028205e-05 -1.17796057e-05 -1.22945254e-02 2.44354654e-05 -7.76455743e-08 -1.31165807e-02 -1.02326449e-05 -1.17019601e-05 8.22055225e-04
7                -7.81877567e-06 -1.37116644e-05 -7.32281724e-03 -1.36486364e-06 -1.32578216e-06 -7.62863706e-03 -6.45391203e-06 -1.23858823e-05 3.05819811e-04
8                -1.31012330e-05 -1.67291242e-05 -1.03199951e-02 -1.58728790e-05 -1.42033526e-06 -9.29345853e-03 2.77164602e-06 -1.53087889e-05 -1.02653659e-03
9                -1.01453448e-05 -1.74223896e-05 5.51276147e-03 -1.86358121e-05 1.51808532e-06 7.17145500e-03 8.49046734e-06 -1.89404749e-05 -1.65869354e-03
10               4.30956527e-06 -1.39311169e-05 1.79534216e-03 -2.68348751e-06 1.89222044e-06 2.99098619e-03 6.99305278e-06 -1.58233373e-05 -1.19564403e-03
11               9.90083894e-06 -7.54291242e-06 1.16214792e-02 1.04863392e-05 2.36717889e-06 1.13312734e-02 -5.85500301e-07 -9.91009132e-06 2.90205820e-04
12               1.36578590e-05 -4.13950965e-06 4.21340714e-03 1.93004527e-05 1.71698855e-06 3.05522371e-03 -5.64259373e-06 -5.85649820e-06 1.15818342e-03
13               1.35609271e-05 -1.78456129e-06 3.73833825e-03 1.93751964e-05 1.74930412e-06 2.69132915e-03 -5.81426928e-06 -3.53386542e-06 1.04700910e-03
14               1.15997753e-05 -2.77605005e-06 -1.33161073e-02 1.42878014e-05 4.45838060e-07 -1.34880665e-02 -2.68802608e-06 -3.22188811e-06 1.71959292e-04
15               1.23209640e-06 -5.05706088e-06 -1.43155513e-02 1.53164612e-06 4.36536051e-08 -1.38187219e-02 -2.99549715e-07 -5.10071449e-06 -4.96829399e-04
16               -6.61999733e-06 -6.73339299e-06 -6.98798385e-03 -8.07900137e-06 -1.67989905e-07 -6.16917170e-03 1.45900404e-06 -6.56540309e-06 -8.18812148e-04
17               -7.48439256e-06 -6.34579270e-06 1.56434983e-02 -9.72389267e-06 9.63026612e-07 1.63328654e-02 2.23950011e-06 -7.30881931e-06 -6.89367157e-04
18               1.29707427e-06 -4.12878842e-06 1.38429971e-02 -3.15664442e-07 1.15135619e-06 1.41194623e-02 1.61273871e-06 -5.28014461e-06 -2.76465166e-04
19               8.44426356e-06 -1.50962766e-06 7.25887816e-03 9.31466592e-06 1.31812253e-06 6.91274728e-03 -8.70402362e-07 -2.82775019e-06 3.46130882e-04
20               1.10126416e-05 -1.04306409e-06 -1.04343334e-02 1.35922120e-05 1.10179600e-06 -1.10466197e-02 -2.57957042e-06 -2.14486010e-06 6.12286289e-04
21               9.18564981e-06 -9.04447755e-07 -9.41008663e-03 1.17830552e-05 1.06595247e-06 -9.80057497e-03 -2.59740540e-06 -1.97040022e-06 3.90488341e-04
22               5.68824686e-06 -1.27046967e-06 -1.96040553e-03 7.11587172e-06 6.12190824e-07 -1.87001697e-03 -1.42762487e-06 -1.88266049e-06 -9.03885606e-05
23               5.77665321e-07 -2.42636296e-06 -1.20739230e-03 1.12670737e-06 5.02268266e-07 -8.44187600e-04 -5.49042045e-07 -2.92863122e-06 -3.63204705e-04
24               -1.31220641e-06 -2.59481145e-06 4.93426978e-03 -1.23470156e-06 5.88789028e-07 5.23868774e-03 -7.75048531e-08 -3.18360048e-06 -3.04417959e-04
25               1.08094510e-07 -2.26061850e-06 5.34111343e-03 1.78222687e-07 5.99873164e-07 5.38055408e-03 -7.01281772e-08 -2.86049167e-06 -3.94406473e-05
26               2.61195502e-06 -1.80852078e-06 -1.88978342e-04 2.96326793e-06 8.08951311e-07 -3.64159231e-04 -3.51312915e-07 -2.61747209e-06 1.75180888e-04
27               4.95706609e-06 -1.23085545e-06 -2.77037749e-03 5.52673106e-06 8.64850952e-07 -2.94488596e-03 -5.69664971e-07 -2.09570640e-06 1.74508477e-04
28               5.70038822e-06 -8.32211164e-07 -2.49441050e-03 6.43944824e-06 8.96487657e-07 -2.54093764e-03 -7.39060025e-07 -1.72869882e-06 4.65271366e-05
29               5.01167522e-06 -6.53514747e-07 8.99209398e-04 5.91838287e-06 7.20431867e-07 9.54517624e-04 -9.06707645e-07 -1.37394661e-06 -5.53082263e-05
30               3.22108480e-06 -8.72154039e-07 1.39021488e-03 4.25845841e-06 6.76203867e-07 1.42519864e-03 -1.03737361e-06 -1.54835791e-06 -3.49837584e-05
31               2.23507449e-06 -1.03525589e-06 1.42603609e-03 3.19090835e-06 6.37611151e-07 1.38188844e-03 -9.55833859e-07 -1.67286704e-06 4.41476547e-05
32               2.17214724e-06 -1.04800341e-06 1.55610145e-03 2.95587208e-06 6.01142184e-07 1.45634948e-03 -7.83724839e-07 -1.64914560e-06 9.97519668e-05
33               2.57348596e-06 -1.05159389e-06 5.22415675e-05 3.18194922e-06 6.05191947e-07 -2.79405337e-05 -6.08463257e-07 -1.65678584e-06 8.01821012e-05
34               2.90445146e-06 -1.02774166e-06 -1.50547266e-03 3.38495364e-06 6.93994799e-07 -1.51424925e-03 -4.80502187e-07 -1.72173646e-06 8.77658679e-06
35               3.22181773e-06 -9.19038951e-07 -1.62588276e-03 3.68405187e-06 7.09358612e-07 -1.58528159e-03 -4.62234133e-07 -1.62839756e-06 -4.06011621e-05
36               3.24447607e-06 -7.24253211e-07 5.38618965e-04 3.83213163e-06 7.12119659e-07 5.51407975e-04 -5.87655561e-07 -1.43637287e-06 -1.27890106e-05
37               3.24177684e-06 -5.86731188e-07 1.44688886e-03 3.97908602e-06 6.60397045e-07 1.38905563e-03 -7.37309181e-07 -1.24712823e-06 5.78332326e-05
38               3.07402325e-06 -5.22509604e-07 1.43223253e-03 3.90717661e-06 6.51177833e-07 1.31610785e-03 -8.33153355e-07 -1.17368744e-06 1.16124680e-04
39               3.06537157e-06 -5.44474353e-07 7.70478698e-04 3.86830221e-06 6.28576774e-07 6.56932436e-04 -8.02930633e-07 -1.17305113e-06 1.13546262e-04
40               2.96155546e-06 -6.21982258e-07 -1.16344274e-04 3.69087753e-06 6.05947698e-07 -1.82815721e-04 -7.29322062e-07 -1.22792996e-06 6.64714471e-05
41               2.73499767e-06 -6.83794714e-07 -6.76189179e-04 3.38618550e-06 5.97801648e-07 -6.90944554e-04 -6.51187832e-07 -1.28159636e-06 1.47553754e-05
42               2.55558192e-06 -6.93179327e-07 -5.36343052e-04 3.14291681e-06 6.05282992e-07 -5.32242450e-04 -5.87334890e-07 -1.29846232e-06 -4.10060128e-06
43               2.54644433e-06 -6.45175795e-07 4.00261769e-05 3.10131810e-06 6.19930056e-07 2.27403359e-05 -5.54873769e-07 -1.26510585e-06 1.72858411e-05
44               2.69384584e-06 -5.49497312e-07 6.48008150e-04 3.26243557e-06 6.28428978e-07 5.89763090e-04 -5.68589731e-07 -1.17792629e-06 5.82450606e-05
45               2.86162926e-06 -4.62360041e-07 9.46472693e-04 3.48146951e-06 6.25487440e-07 8.58164851e-04 -6.19840256e-07 -1.08784748e-06 8.83078424e-05
46               2.95988609e-06 -4.19792961e-07 5.94820319e-04 3.63886218e-06 6.07499711e-07 5.03424525e-04 -6.78976089e-07 -1.02729267e-06 9.13957938e-05
47               2.92683766e-06 -4.13202196e-07 3.85267055e-04 3.63739238e-06 6.01962520e-07 3.11392358e-04 -7.10554721e-07 -1.01516472e-06 7.38746969e-05
48               2.80888219e-06 -4.30392301e-07 1.05000981e-04 3.50486932e-06 5.88159717e-07 5.35716204e-05 -6.95987134e-07 -1.01855202e-06 5.14293606e-05
49               2.63435041e-06 -4.64777070e-07 4.00711737e-05 3.29401064e-06 5.84006768e-07 -2.29968608e-06 -6.59660229e-07 -1.04878384e-06 4.23708598e-05
50               2.53810240e-06 -4.73857675e-07 9.24687971e-05 3.15369791e-06 5.81642874e-07 4.50342016e-05 -6.15595512e-07 -1.05550055e-06 4.74345955e-05
51               2.51838111e-06 -4.50747890e-07 3.44789434e-04 3.11288107e-06 5.81853329e-07 2.84732553e-04 -5.94499959e-07 -1.03260122e-06 6.00568808e-05
52               2.57339683e-06 -4.08476993e-07 6.70957902e-04 3.16782126e-06 5.83376333e-07 6.00888212e-04 -5.94424432e-07 -9.91853326e-07 7.00696906e-05
53               2.66009117e-06 -3.73198753e-07 6.43312221e-04 3.26901689e-06 5.76847020e-07 5.70691214e-04 -6.08925721e-07 -9.50045772e-07 7.26210063e-05
54               2.68853547e-06 -3.51713409e-07 5.01815845e-04 3.31679885e-06 5.74131570e-07 4.31161307e-04 -6.28263377e-07 -9.25844978e-07 7.06545387e-05
55               2.68147047e-06 -3.52907412e-07 2.66923100e-04 3.31795737e-06 5.65080882e-07 2.00122679e-04 -6.36486903e-07 -9.17988294e-07 6.68004209e-05
56               2.60629061e-06 -3.54759724e-07 2.66565092e-04 3.23899761e-06 5.61711086e-07 2.02076418e-04 -6.32706997e-07 -9.16470811e-07 6.44886737e-05
57               2.53506683e-06 -3.55418733e-07 2.89684169e-04 3.14954136e-06 5.59868999e-07 2.26583396e-04 -6.14474528e-07 -9.15287731e-07 6.31007737e-05
58               2.49402379e-06 -3.48178039e-07 3.43442435e-04 3.09396868e-06 5.58297585e-07 2.79352895e-04 -5.99944894e-07 -9.06475624e-07 6.40895396e-05
59               2.48560978e-06 -3.30433016e-07 4.83101890e-04 3.08182811e-06 5.55166579e-07 4.15780855e-04 -5.96218330e-07 -8.85599595e-07 6.73210356e-05
60               2.50181003e-06 -3.12209040e-07 5.43388727e-04 3.10059985e-06 5.50158320e-07 4.72743893e-04 -5.98789828e-07 -8.62367360e-07 7.06448339e-05
61               2.51335803e-06 -2.99004450e-07 5.08779140e-04 3.11393708e-06 5.48933224e-07 4.36697568e-04 -6.00579046e-07 -8.47937674e-07 7.20815725e-05
62               2.52508112e-06 -2.93231007e-07 4.32173889e-04 3.12443239e-06 5.45949983e-07 3.61004994e-04 -5.99351277e-07 -8.39180990e-07 7.11688950e-05
63               2.50937539e-06 -2.90456893e-07 3.84974796e-04 3.10918896e-06 5.42176212e-07 3.15193452e-04 -5.99813572e-07 -8.32633105e-07 6.97813443e-05
64               2.47647528e-06 -2.87691201e-07 3.85942200e-04 3.07569416e-06 5.38344068e-07 3.17063429e-04 -5.99218877e-07 -8.26035269e-07 6.88787707e-05
65               2.43710208e-06 -2.54960706e-07 3.84110483e-04 3.03331041e-06 5.38070158e-07 3.15666230e-04 -5.96208336e-07 -7.93030863e-07 6.84442528e-05
66               2.42876710e-06 -2.61529741e-07 4.56685576e-04 3.02119283e-06 5.34074773e-07 3.88669216e-04 -5.92425728e-07 -7.95604514e-07 6.80163595e-05
67               2.42202514e-06 -2.61842273e-07 4.95033038e-04 3.01212765e-06 5.30420854e-07 4.24424694e-04 -5.90102509e-07 -7.92263128e-07 7.06083444e-05
68               2.38871878e-06 -2.32248394e-07 5.07608702e-04 2.97622765e-06 5.30088497e-07 4.34750398e-04 -5.87508869e-07 -7.62336891e-07 7.28583049e-05
69               2.41020375e-06 -2.42580630e-07 4.89604621e-04 2.99363607e-06 5.27710899e-07 4.16753096e-04 -5.83432312e-07 -7.70291529e-07 7.28515251e-05
70               2.41942998e-06 -2.45371294e-07 4.58638062e-04 3.00312853e-06 5.23894384e-07 3.85971114e-04 -5.83698551e-07 -7.69265679e-07 7.26669478e-05
71               2.39640594e-06 -2.22432928e-07 4.60355068e-04 2.98204493e-06 5.23529330e-07 3.88290949e-04 -5.85638989e-07 -7.45962258e-07 7.20641190e-05
72               2.39334071e-06 -2.29067069e-07 4.50766362e-04 2.97919603e-06 5.16241649e-07 3.79715316e-04 -5.85855326e-07 -7.45308717e-07 7.10510458e-05
73               2.34666112e-06 -2.01049064e-07 4.58240776e-04 2.93190529e-06 5.16238031e-07 3.86716147e-04 -5.85244167e-07 -7.17287096e-07 7.15246297e-05
74               2.35192939e-06 -2.18668873e-07 4.67298367e-04 2.92845650e-06 5.15495907e-07 3.96768471e-04 -5.76527112e-07 -7.34164780e-07 7.05298961e-05
75               2.35748723e-06 -2.23609938e-07 4.86321117e-04 2.92860861e-06 5.13653596e-07 4.14440212e-04 -5.71121374e-07 -7.37263534e-07 7.18809050e-05
76               2.35628246e-06 -2.22856784e-07 5.12870997e-04 2.92790298e-06 5.09930132e-07 4.38908964e-04 -5.71620526e-07 -7.32786916e-07 7.39620335e-05
77               2.32851467e-06 -1.99454494e-07 5.24796084e-04 2.90275966e-06 5.09742356e-07 4.49850359e-04 -5.74244993e-07 -7.09196850e-07 7.49457247e-05
78               2.33579781e-06 -2.03445259e-07 5.05680412e-04 2.91007809e-06 5.04299070e-07 4.31472291e-04 -5.74280284e-07 -7.07744329e-07 7.42081211e-05
79               2.30873879e-06 -1.81179781e-07 5.12479272e-04 2.88278689e-06 5.04293102e-07 4.38968875e-04 -5.74048097e-07 -6.85472883e-07 7.35103971e-05
80               2.31831648e-06 -1.94286953e-07 4.97909748e-04 2.88694537e-06 5.03490799e-07 4.25917323e-04 -5.68628891e-07 -6.97777752e-07 7.19924252e-05
81               2.31982291e-06 -1.99753633e-07 4.87279539e-04 2.88581728e-06 5.01479811e-07 4.14677946e-04 -5.65994370e-07 -7.01233444e-07 7.26015924e-05
82               2.31159256e-06 -2.01584189e-07 4.91435753e-04 2.87814420e-06 4.97431635e-07 4.17241015e-04 -5.66551638e-07 -6.99015824e-07 7.41947385e-05
83               2.28303279e-06 -1.80880434e-07 5.04150151e-04 2.84993455e-06 4.97267570e-07 4.29098574e-04 -5.66901756e-07 -6.78148003e-07 7.50515773e-05
84               2.28694994e-06 -1.85415857e-07 5.32977225e-04 2.85077584e-06 4.95021413e-07 4.58703800e-04 -5.63825900e-07 -6.80437270e-07 7.42734243e-05
85               2.27370326e-06 -1.71129928e-07 5.33198228e-04 2.83581702e-06 4.94842087e-07 4.59360499e-04 -5.62113757e-07 -6.65972015e-07 7.38377291e-05
86               2.28204358e-06 -1.79349755e-07 5.30646939e-04 2.84328267e-06 4.91520303e-07 4.57176193e-04 -5.61239091e-07 -6.70870058e-07 7.34707468e-05
87               2.26321809e-06 -1.66715704e-07 5.32925029e-04 2.82544461e-06 4.91226120e-07 4.58725425e-04 -5.62226516e-07 -6.57941824e-07 7.41996044e-05
88               2.26874985e-06 -1.77445785e-07 5.14571449e-04 2.82979864e-06 4.86407470e-07 4.40305548e-04 -5.61048785e-07 -6.63853255e-07 7.42659013e-05
89               2.24489386e-06 -1.62027525e-07 5.23443978e-04 2.80498838e-06 4.86234656e-07 4.48788201e-04 -5.60094522e-07 -6.48262181e-07 7.46557770e-05
90               2.24263935e-06 -1.58610112e-07 5.21766489e-04 2.79824005e-06 4.86086113e-07 4.48145917e-04 -5.55600698e-07 -6.44696225e-07 7.36205716e-05
91               2.25192164e-06 -1.70558232e-07 5.38157844e-04 2.80551572e-06 4.83992605e-07 4.64851161e-04 -5.53594078e-07 -6.54550837e-07 7.33066837e-05
92               2.23832425e-06 -1.62401213e-07 5.39168551e-04 2.79307993e-06 4.83736980e-07 4.64908060e-04 -5.54755678e-07 -6.46138194e-07 7.42604908e-05
93               2.24305024e-06 -1.69935518e-07 5.38459643e-04 2.79862065e-06 4.79003480e-07 4.63665433e-04 -5.55570401e-07 -6.48938997e-07 7.47942102e-05
94               2.21787052e-06 -1.54627444e-07 5.48096712e-04 2.77393157e-06 4.78938466e-07 4.72745081e-04 -5.56061054e-07 -6.33565910e-07 7.53516306e-05
95               2.21609627e-06 -1.50455517e-07 5.46535760e-04 2.76790617e-06 4.78866032e-07 4.72272831e-04 -5.51809897e-07 -6.29321549e-07 7.42629297e-05
96               2.22835511e-06 -1.60950255e-07 5.42770380e-04 2.77744906e-06 4.77081964e-07 4.69042502e-04 -5.49093948e-07 -6.38032219e-07 7.37278779e-05
97               2.22082112e-06 -1.54855017e-07 5.42786154e-04 2.77048737e-06 4.76767671e-07 4.68348009e-04 -5.49666245e-07 -6.31622687e-07 7.44381453e-05
98               2.22191401e-06 -1.61520672e-07 5.46419015e-04 2.77293423e-06 4.72112283e-07 4.71444795e-04 -5.51020213e-07 -6.33632955e-07 7.49742201e-05
99               2.19451830e-06 -1.47866612e-07 5.55563427e-04 2.74644658e-06 4.72031069e-07 4.80154730e-04 -5.51928278e-07 -6.19897681e-07 7.54086964e-05
100              2.19116330e-06 -1.44758363e-07 5.53195077e-04 2.73888895e-06 4.71993438e-07 4.78990135e-04 -5.47725649e-07 -6.16751802e-07 7.42049422e-05
101              2.20347179e-06 -1.55421058e-07 5.50029376e-04 2.74821009e-06 4.70059938e-07 4.76400637e-04 -5.44738307e-07 -6.25480997e-07 7.36287393e-05
102              2.19571894e-06 -1.49253184e-07 5.51075379e-04 2.74053474e-06 4.69823117e-07 4.76634442e-04 -5.44815801e-07 -6.19076301e-07 7.44409374e-05
103              2.19836131e-06 -1.56280366e-07 5.56042613e-04 2.74340980e-06 4.66779345e-07 4.81059765e-04 -5.45048496e-07 -6.23059712e-07 7.49828476e-05
104              2.18111841e-06 -1.46250164e-07 5.62685970e-04 2.72677759e-06 4.66656389e-07 4.87229238e-04 -5.45659183e-07 -6.12906553e-07 7.54567318e-05
105              2.17837047e-06 -1.43145297e-07 5.62808245e-04 2.72201606e-06 4.66549361e-07 4.87996240e-04 -5.43645590e-07 -6.09694657e-07 7.48120054e-05
106              2.18602785e-06 -1.50200906e-07 5.64911657e-04 2.72874532e-06 4.63391727e-07 4.90439378e-04 -5.42717468e-07 -6.13592632e-07 7.44722791e-05
107              2.17063988e-06 -1.41977818e-07 5.68666632e-04 2.71372243e-06 4.63244101e-07 4.93806407e-04 -5.43082552e-07 -6.05221919e-07 7.48602251e-05
108              2.16834956e-06 -1.40515828e-07 5.66311199e-04 2.70948895e-06 4.63096577e-07 4.91857801e-04 -5.41139394e-07 -6.03612405e-07 7.44533986e-05
109              2.17538090e-06 -1.48872909e-07 5.58140445e-04 2.71576600e-06 4.60232550e-07 4.83709797e-04 -5.40385095e-07 -6.09105459e-07 7.44306477e-05
110              2.16168758e-06 -1.41784164e-07 5.63253539e-04 2.70260441e-06 4.60080616e-07 4.88219186e-04 -5.40916834e-07 -6.01864780e-07 7.50343535e-05
111              2.15943181e-06 -1.40183309e-07 5.64078687e-04 2.69857060e-06 4.59947531e-07 4.89312875e-04 -5.39138791e-07 -6.00130840e-07 7.47658123e-05
112              2.16501364e-06 -1.46688086e-07 5.74109786e-04 2.70335406e-06 4.57166432e-07 4.99448056e-04 -5.38340424e-07 -6.03854518e-07 7.46617299e-05
113              2.15080119e-06 -1.39338620e-07 5.77682228e-04 2.68943882e-06 4.57041968e-07 5.02682118e-04 -5.38637634e-07 -5.96380587e-07 7.50001099e-05
114              2.14853425e-06 -1.37788898e-07 5.75619164e-04 2.68548685e-06 4.56913998e-07 5.01050688e-04 -5.36952599e-07 -5.94702896e-07 7.45684764e-05
115              2.15521392e-06 -1.45049313e-07 5.67853774e-04 2.69144897e-06 4.54436555e-07 4.93377173e-04 -5.36235057e-07 -5.99485868e-07 7.44766006e-05
116              2.14445105e-06 -1.39046662e-07 5.71847983e-04 2.68114269e-06 4.54286440e-07 4.96867049e-04 -5.36691640e-07 -5.93333103e-07 7.49809340e-05
117              2.14277515e-06 -1.37689721e-07 5.72158087e-04 2.67815623e-06 4.54148178e-07 4.97365589e-04 -5.35381083e-07 -5.91837898e-07 7.47924984e-05
118              2.14738020e-06 -1.43407560e-07 5.75024065e-04 2.68230279e-06 4.51669031e-07 5.00297716e-04 -5.34922597e-07 -5.95076591e-07 7.47263490e-05
119              2.13473258e-06 -1.37096564e-07 5.78544992e-04 2.66999395e-06 4.51551022e-07 5.03554572e-04 -5.35261363e-07 -5.88647586e-07 7.49904202e-05
120              2.13264932e-06 -1.35890063e-07 5.76880655e-04 2.66626935e-06 4.51433368e-07 5.02332982e-04 -5.33620035e-07 -5.87323431e-07 7.45476729e-05
121              2.13791374e-06 -1.42300732e-07 5.74315341e-04 2.67073238e-06 4.49239458e-07 4.99891258e-04 -5.32818644e-07 -5.91540191e-07 7.44240831e-05
122              2.12824017e-06 -1.37103797e-07 5.77470145e-04 2.66132799e-06 4.49106971e-07 5.02592294e-04 -5.33087820e-07 -5.86210768e-07 7.48778505e-05
123              2.12670565e-06 -1.35982345e-07 5.77706182e-04 2.65863820e-06 4.48974336e-07 5.02962565e-04 -5.31932552e-07 -5.84956681e-07 7.47436170e-05
124              2.13098272e-06 -1.41268648e-07 5.79440465e-04 2.66251151e-06 4.46855470e-07 5.04721301e-04 -5.31528791e-07 -5.88124118e-07 7.47191639e-05
125              2.12095468e-06 -1.36073269e-07 5.82524605e-04 2.65281872e-06 4.46734496e-07 5.07566344e-04 -5.31864041e-07 -5.82807765e-07 7.49582605e-05
126              2.11936352e-06 -1.34994220e-07 5.81078251e-04 2.65000021e-06 4.46608736e-07 5.06477601e-04 -5.30636686e-07 -5.81602956e-07 7.46006498e-05
127              2.12444219e-06 -1.40557919e-07 5.76785339e-04 2.65456052e-06 4.44559629e-07 5.02311311e-04 -5.30118326e-07 -5.85117548e-07 7.44740276e-05
128              2.11502126e-06 -1.35749446e-07 5.79337917e-04 2.64542817e-06 4.44461856e-07 5.04545295e-04 -5.30406909e-07 -5.80211302e-07 7.47926221e-05
129              2.11704024e-06 -1.40937736e-07 5.79458727e-04 2.64616407e-06 4.43369410e-07 5.04794848e-04 -5.29123834e-07 -5.84307145e-07 7.46638793e-05
130              2.11155555e-06 -1.36471018e-07 5.80455951e-04 2.63990351e-06 4.43238884e-07 5.05729762e-04 -5.28347954e-07 -5.79709902e-07 7.47261889e-05
131              2.11307656e-06 -1.40739665e-07 5.80148238e-04 2.64066172e-06 4.42281786e-07 5.05528176e-04 -5.27585162e-07 -5.83021451e-07 7.46200616e-05
132              2.10867356e-06 -1.37001575e-07 5.81187070e-04 2.63632562e-06 4.42158056e-07 5.06443301e-04 -5.27652066e-07 -5.79159631e-07 7.47437690e-05
133              2.11060667e-06 -1.39784478e-07 5.83926018e-04 2.63832819e-06 4.40672956e-07 5.09175275e-04 -5.27721521e-07 -5.80457434e-07 7.47507425e-05
134              2.10302190e-06 -1.35072789e-07 5.85702875e-04 2.63096747e-06 4.40625743e-07 5.10859131e-04 -5.27945562e-07 -5.75698532e-07 7.48437443e-05
135              2.10568834e-06 -1.38865045e-07 5.80598058e-04 2.63269466e-06 4.39443042e-07 5.05997379e-04 -5.27006315e-07 -5.78308087e-07 7.46006784e-05
136              2.10037888e-06 -1.34971990e-07 5.81368388e-04 2.62682383e-06 4.39344960e-07 5.06746902e-04 -5.26444957e-07 -5.74316949e-07 7.46214859e-05
137              2.10163272e-06 -1.39339990e-07 5.78527595e-04 2.62716592e-06 4.38338084e-07 5.04037554e-04 -5.25533198e-07 -5.77678075e-07 7.44900412e-05
138              2.09719586e-06 -1.36098053e-07 5.79875781e-04 2.62251376e-06 4.38213515e-07 5.05271807e-04 -5.25317902e-07 -5.74311568e-07 7.46039738e-05
139              2.09825885e-06 -1.39210910e-07 5.85022441e-04 2.62327965e-06 4.37092579e-07 5.10436670e-04 -5.25020796e-07 -5.76303489e-07 7.45857718e-05
140              2.09249597e-06 -1.35523658e-07 5.86032265e-04 2.61754900e-06 4.37017050e-07 5.11371190e-04 -5.25053036e-07 -5.72540708e-07 7.46610752e-05
141              2.09496549e-06 -1.38758074e-07 5.82165323e-04 2.61947442e-06 4.35931109e-07 5.07650203e-04 -5.24508936e-07 -5.74689183e-07 7.45151199e-05
142              2.09029253e-06 -1.35252010e-07 5.82987924e-04 2.61459900e-06 4.35856372e-07 5.08409945e-04 -5.24306473e-07 -5.71108383e-07 7.45779789e-05
143              2.09196997e-06 -1.38588280e-07 5.80392223e-04 2.61560066e-06 4.34932980e-07 5.05924574e-04 -5.23630690e-07 -5.73521260e-07 7.44676485e-05
144              2.08784266e-06 -1.35596156e-07 5.81454372e-04 2.61126663e-06 4.34827657e-07 5.06919484e-04 -5.23423969e-07 -5.70423813e-07 7.45348879e-05
145              2.08871634e-06 -1.38647356e-07 5.82550816e-04 2.61173330e-06 4.33857758e-07 5.08088262e-04 -5.23016958e-07 -5.72505114e-07 7.44625545e-05
146              2.08400779e-06 -1.35637326e-07 5.83487883e-04 2.60697464e-06 4.33772826e-07 5.08973510e-04 -5.22966855e-07 -5.69410153e-07 7.45143725e-05
147              2.08550925e-06 -1.38493385e-07 5.82771393e-04 2.60803746e-06 4.32808154e-07 5.08362878e-04 -5.22528213e-07 -5.71301539e-07 7.44085146e-05
148              2.08109119e-06 -1.35453558e-07 5.83523510e-04 2.60347007e-06 4.32738401e-07 5.09055293e-04 -5.22378878e-07 -5.68191959e-07 7.44682171e-05
149              2.08273934e-06 -1.38404769e-07 5.81238875e-04 2.60453570e-06 4.31920248e-07 5.06870826e-04 -5.21796359e-07 -5.70325017e-07 7.43680488e-05
150              2.07924809e-06 -1.35763655e-07 5.82048883e-04 2.60085521e-06 4.31833222e-07 5.07617065e-04 -5.21607123e-07 -5.67596878e-07 7.44318179e-05
151              2.08033400e-06 -1.38469240e-07 5.82024891e-04 2.60156590e-06 4.30997229e-07 5.07653264e-04 -5.21231897e-07 -5.69466469e-07 7.43716264e-05
152              2.07646237e-06 -1.35894879e-07 5.82884146e-04 2.59765668e-06 4.30917790e-07 5.08464615e-04 -5.21194307e-07 -5.66812669e-07 7.44195315e-05
153              2.07760197e-06 -1.38366421e-07 5.82519129e-04 2.59845803e-06 4.30049713e-07 5.08188856e-04 -5.20856059e-07 -5.68416133e-07 7.43302735e-05
154              2.07354751e-06 -1.35722902e-07 5.83208171e-04 2.59430253e-06 4.29984712e-07 5.08840413e-04 -5.20755019e-07 -5.65707614e-07 7.43677580e-05
155              2.07486789e-06 -1.38356332e-07 5.80884768e-04 2.59510491e-06 4.29253315e-07 5.06622252e-04 -5.20237026e-07 -5.67609646e-07 7.42625160e-05
156              2.07176845e-06 -1.36046638e-07 5.81526604e-04 2.59181175e-06 4.29176659e-07 5.07213867e-04 -5.20043304e-07 -5.65223297e-07 7.43127374e-05
157              2.07275654e-06 -1.38497188e-07 5.81335024e-04 2.59242837e-06 4.28452293e-07 5.07076101e-04 -5.19671831e-07 -5.66949481e-07 7.42589231e-05
158              2.06951730e-06 -1.36280954e-07 5.82082648e-04 2.58913198e-06 4.28379887e-07 5.07773991e-04 -5.19614683e-07 -5.64660841e-07 7.43086574e-05
159              2.07051359e-06 -1.38456327e-07 5.82332536e-04 2.58984870e-06 4.27623359e-07 5.08091589e-04 -5.19335107e-07 -5.66079686e-07 7.42409470e-05
160              2.06700710e-06 -1.36175072e-07 5.82926206e-04 2.58627970e-06 4.27565272e-07 5.08653027e-04 -5.19272599e-07 -5.63740344e-07 7.42731789e-05
161              2.06817690e-06 -1.38449833e-07 5.80810174e-04 2.58704184e-06 4.26901957e-07 5.06629604e-04 -5.18864946e-07 -5.65351789e-07 7.41805701e-05
162              2.06534423e-06 -1.36406505e-07 5.81370602e-04 2.58406309e-06 4.26835631e-07 5.07151508e-04 -5.18718853e-07 -5.63242136e-07 7.42190947e-05
163              2.06622813e-06 -1.38594876e-07 5.80463179e-04 2.58459366e-06 4.26204691e-07 5.06302468e-04 -5.18365535e-07 -5.64799567e-07 7.41607109e-05
164              2.06348176e-06 -1.36684455e-07 5.81098286e-04 2.58176527e-06 4.26137910e-07 5.06898953e-04 -5.18283510e-07 -5.62822365e-07 7.41993330e-05
165              2.06428344e-06 -1.38645509e-07 5.81437533e-04 2.58230402e-06 4.25480901e-07 5.07297199e-04 -5.18020583e-07 -5.64126410e-07 7.41403334e-05
166              2.06127677e-06 -1.36686757e-07 5.81946173e-04 2.57923923e-06 4.25427189e-07 5.07777113e-04 -5.17962459e-07 -5.62113946e-07 7.41690599e-05
167              2.06225670e-06 -1.38670489e-07 5.80717973e-04 2.57988920e-06 4.24833635e-07 5.06625140e-04 -5.17632497e-07 -5.63504124e-07 7.40928330e-05
168              2.05969730e-06 -1.36865196e-07 5.81189709e-04 2.57721984e-06 4.24777270e-07 5.07061809e-04 -5.17522539e-07 -5.61642466e-07 7.41279002e-05
169              2.06054843e-06 -1.38787043e-07 5.80110389e-04 2.57776261e-06 4.24230061e-07 5.06036135e-04 -5.17214175e-07 -5.63017104e-07 7.40742538e-05
170              2.05820975e-06 -1.37132418e-07 5.80644943e-04 2.57534909e-06 4.24170365e-07 5.06537704e-04 -5.17139340e-07 -5.61302783e-07 7.41072398e-05
171              2.05891827e-06 -1.38872320e-07 5.80490320e-04 2.57582728e-06 4.23596579e-07 5.06434558e-04 -5.16909018e-07 -5.62468899e-07 7.40557618e-05
172              2.05634124e-06 -1.37187185e-07 5.80960996e-04 2.57320128e-06 4.23546654e-07 5.06883630e-04 -5.16860049e-07 -5.60733839e-07 7.40773655e-05
173              2.05712446e-06 -1.38928938e-07 5.80177054e-04 2.57369922e-06 4.23022254e-07 5.06168749e-04 -5.16574760e-07 -5.61951193e-07 7.40083055e-05
174              2.05485280e-06 -1.37349092e-07 5.80553044e-04 2.57132819e-06 4.22973104e-07 5.06518106e-04 -5.16475386e-07 -5.60322196e-07 7.40349374e-05
175              2.05559252e-06 -1.39047092e-07 5.79724025e-04 2.57179627e-06 4.22495188e-07 5.05738112e-04 -5.16203750e-07 -5.61542280e-07 7.39859128e-05
176              2.05355846e-06 -1.37606004e-07 5.80163114e-04 2.56969536e-06 4.22442753e-07 5.06144984e-04 -5.16136891e-07 -5.60048758e-07 7.40181302e-05
177              2.05420404e-06 -1.39139587e-07 5.79907812e-04 2.57014299e-06 4.21945838e-07 5.05930667e-04 -5.15938945e-07 -5.61085426e-07 7.39771455e-05
178              2.05200804e-06 -1.37686576e-07 5.80338925e-04 2.56790861e-06 4.21900514e-07 5.06342175e-04 -5.15900577e-07 -5.59587090e-07 7.39967503e-05
179              2.05268854e-06 -1.39205123e-07 5.79625552e-04 2.56834879e-06 4.21442228e-07 5.05689064e-04 -5.15660254e-07 -5.60647351e-07 7.39364881e-05
180              2.05071700e-06 -1.37832549e-07 5.79940974e-04 2.56629485e-06 4.21398681e-07 5.05986165e-04 -5.15577847e-07 -5.59231230e-07 7.39548088e-05
181              2.05134605e-06 -1.39323356e-07 5.79188456e-04 2.56668831e-06 4.20980182e-07 5.05280255e-04 -5.15342253e-07 -5.60303539e-07 7.39082017e-05
182              2.04956820e-06 -1.38068258e-07 5.79541396e-04 2.56484984e-06 4.20934108e-07 5.05606099e-04 -5.15281642e-07 -5.59002366e-07 7.39352974e-05
183              2.05011237e-06 -1.39421053e-07 5.79332007e-04 2.56521845e-06 4.20503217e-07 5.05431930e-04 -5.15106080e-07 -5.59924271e-07 7.39000771e-05
184              2.04822033e-06 -1.38164487e-07 5.79708256e-04 2.56328986e-06 4.20462623e-07 5.05789357e-04 -5.15069527e-07 -5.58627110e-07 7.39188991e-05
185              2.04880906e-06 -1.39492803e-07 5.79166787e-04 2.56367215e-06 4.20067126e-07 5.05298327e-04 -5.14863091e-07 -5.59559928e-07 7.38684608e-05
186              2.04712290e-06 -1.38307444e-07 5.79435446e-04 2.56191720e-06 4.20028348e-07 5.05551980e-04 -5.14794301e-07 -5.58335791e-07 7.38834660e-05
187              2.04767939e-06 -1.39603849e-07 5.78751038e-04 2.56227706e-06 4.19664128e-07 5.04908380e-04 -5.14597672e-07 -5.59267977e-07 7.38426572e-05
188              2.04614170e-06 -1.38513383e-07 5.79042166e-04 2.56069168e-06 4.19623657e-07 5.05177533e-04 -5.14549981e-07 -5.58137040e-07 7.38646328e-05
189              2.04660627e-06 -1.39696818e-07 5.78769622e-04 2.56100466e-06 4.19250371e-07 5.04936892e-04 -5.14398387e-07 -5.58947189e-07 7.38327306e-05
190              2.04497854e-06 -1.38609577e-07 5.79089903e-04 2.55934255e-06 4.19214313e-07 5.05241534e-04 -5.14364018e-07 -5.57823890e-07 7.38483693e-05
191              2.04546906e-06 -1.39772997e-07 5.78662572e-04 2.55965189e-06 4.18874964e-07 5.04857896e-04 -5.14182839e-07 -5.58647961e-07 7.38046753e-05
192              2.04403131e-06 -1.38753661e-07 5.78885422e-04 2.55815268e-06 4.18840291e-07 5.05067951e-04 -5.14121372e-07 -5.57593953e-07 7.38174705e-05
193              2.04450485e-06 -1.39877556e-07 5.78368104e-04 2.55846195e-06 4.18525061e-07 5.04584834e-04 -5.13957102e-07 -5.58402616e-07 7.37832702e-05
194              2.04317649e-06 -1.38932437e-07 5.78611466e-04 2.55709645e-06 4.18489458e-07 5.04809289e-04 -5.13919960e-07 -5.57421895e-07 7.38021770e-05
195              2.04358192e-06 -1.39962332e-07 5.78322921e-04 2.55737314e-06 4.18168766e-07 5.04548673e-04 -5.13791214e-07 -5.58131098e-07 7.37742477e-05
196              2.04219875e-06 -1.39023874e-07 5.78592974e-04 2.55595968e-06 4.18136889e-07 5.04805924e-04 -5.13760932e-07 -5.57160763e-07 7.37870494e-05
197              2.04261605e-06 -1.40037284e-07 5.78187110e-04 2.55622108e-06 4.17847211e-07 5.04437881e-04 -5.13605037e-07 -5.57884495e-07 7.37492290e-05
198              2.04140047e-06 -1.39163070e-07 5.78371131e-04 2.55495250e-06 4.17816196e-07 5.04611486e-04 -5.13552032e-07 -5.56979267e-07 7.37596442e-05
199              2.04179029e-06 -1.40133117e-07 5.77973898e-04 2.55520552e-06 4.17544343e-07 5.04243265e-04 -5.13415232e-07 -5.57677461e-07 7.37306339e-05
200              2.04064291e-06 -1.39315794e-07 5.78176461e-04 2.55402796e-06 4.17512961e-07 5.04430019e-04 -5.13385046e-07 -5.56828755e-07 7.37464427e-05
201              2.04098492e-06 -1.40210989e-07 5.77927591e-04 2.55425893e-06 4.17239802e-07 5.04205700e-04 -5.13274017e-07 -5.57450791e-07 7.37218906e-05
202              2.03981797e-06 -1.39403764e-07 5.78150075e-04 2.55306384e-06 4.17211614e-07 5.04417395e-04 -5.13245865e-07 -5.56615378e-07 7.37326799e-05
203              2.04017408e-06 -1.40282758e-07 5.77788163e-04 2.55328772e-06 4.16966099e-07 5.04087263e-04 -5.13113634e-07 -5.57248856e-07 7.37009000e-05
204              2.03915549e-06 -1.39534410e-07 5.77940173e-04 2.55222525e-06 4.16938351e-07 5.04230323e-04 -5.13069757e-07 -5.56472762e-07 7.37098502e-05
205              2.03947796e-06 -1.40367252e-07 5.77615122e-04 2.55243602e-06 4.16705371e-07 5.03929527e-04 -5.12958058e-07 -5.57072622e-07 7.36855947e-05
206              2.03849608e-06 -1.39661759e-07 5.77784704e-04 2.55143021e-06 4.16677684e-07 5.04086372e-04 -5.12934134e-07 -5.56339443e-07 7.36983327e-05
207              2.03877967e-06 -1.40437640e-07 5.77556978e-04 2.55161804e-06 4.16447058e-07 5.03880589e-04 -5.12838369e-07 -5.56884698e-07 7.36763891e-05
208              2.03780381e-06 -1.39745873e-07 5.77735629e-04 2.55061551e-06 4.16422016e-07 5.04050511e-04 -5.12811701e-07 -5.56167889e-07 7.36851177e-05
209              2.03809898e-06 -1.40505052e-07 5.77434836e-04 2.55079942e-06 4.16215248e-07 5.03776159e-04 -5.12700444e-07 -5.56720301e-07 7.36586774e-05
210              2.03781989e-06 -1.40874903e-07 5.77347549e-04 2.55044577e-06 4.16099674e-07 5.03669904e-04 -5.12625880e-07 -5.56974578e-07 7.36776447e-05
211              2.03706979e-06 -1.40174358e-07 5.77470997e-04 2.54958536e-06 4.16076443e-07 5.03792828e-04 -5.12515567e-07 -5.56250802e-07 7.36781695e-05
212              2.03713489e-06 -1.40641652e-07 5.77229107e-04 2.54958184e-06 4.15922721e-07 5.03578173e-04 -5.12446945e-07 -5.56564372e-07 7.36509339e-05
213              2.03688687e-06 -1.40869665e-07 5.77366851e-04 2.54934544e-06 4.15782032e-07 5.03707458e-04 -5.12458567e-07 -5.56651697e-07 7.36593928e-05
214              2.03657782e-06 -1.40957771e-07 5.77403794e-04 2.54897901e-06 4.15690793e-07 5.03737620e-04 -5.12401191e-07 -5.56648564e-07 7.36661740e-05
215              2.03593663e-06 -1.40259755e-07 5.77427416e-04 2.54824672e-06 4.15672303e-07 5.03776760e-04 -5.12310090e-07 -5.55932058e-07 7.36506569e-05
216              2.03612111e-06 -1.40644441e-07 5.77008360e-04 2.54837773e-06 4.15514991e-07 5.03389216e-04 -5.12256619e-07 -5.56159432e-07 7.36191443e-05
217              2.03584365e-06 -1.40922734e-07 5.76921060e-04 2.54811027e-06 4.15393578e-07 5.03289585e-04 -5.12266616e-07 -5.56316311e-07 7.36314755e-05
218              2.03515746e-06 -1.40358564e-07 5.77073985e-04 2.54737813e-06 4.15377778e-07 5.03440119e-04 -5.12220673e-07 -5.55736342e-07 7.36338657e-05
219              2.03532933e-06 -1.40780373e-07 5.77079375e-04 2.54748072e-06 4.15219908e-07 5.03470010e-04 -5.12151395e-07 -5.56000281e-07 7.36093651e-05
220              2.03509933e-06 -1.41035777e-07 5.77023441e-04 2.54721213e-06 4.15131618e-07 5.03406028e-04 -5.12112799e-07 -5.56167396e-07 7.36174135e-05
221              2.03452694e-06 -1.40507213e-07 5.77072253e-04 2.54656148e-06 4.15114454e-07 5.03458783e-04 -5.12034548e-07 -5.55621667e-07 7.36134708e-05
222              2.03466701e-06 -1.40898797e-07 5.76762018e-04 2.54664555e-06 4.14993556e-07 5.03170424e-04 -5.11978539e-07 -5.55892353e-07 7.35915940e-05
223              2.03447432e-06 -1.41124626e-07 5.76696246e-04 2.54645451e-06 4.14892423e-07 5.03095667e-04 -5.11980193e-07 -5.56017049e-07 7.36005788e-05
224              2.03423599e-06 -1.41205045e-07 5.76755396e-04 2.54616733e-06 4.14821268e-07 5.03147876e-04 -5.11931339e-07 -5.56026312e-07 7.36075194e-05
225              2.03375838e-06 -1.40690013e-07 5.76811966e-04 2.54562577e-06 4.14807838e-07 5.03214619e-04 -5.11867383e-07 -5.55497851e-07 7.35973468e-05
226              2.03386808e-06 -1.40949956e-07 5.76780315e-04 2.54569839e-06 4.14697879e-07 5.03206511e-04 -5.11830301e-07 -5.55647835e-07 7.35738043e-05
227              2.03369403e-06 -1.41141015e-07 5.76693748e-04 2.54553422e-06 4.14609537e-07 5.03111686e-04 -5.11840187e-07 -5.55750552e-07 7.35820627e-05
228              2.03348882e-06 -1.41241683e-07 5.76594053e-04 2.54528692e-06 4.14549891e-07 5.03003570e-04 -5.11798099e-07 -5.55791574e-07 7.35904832e-05
229              2.03309030e-06 -1.40795783e-07 5.76645512e-04 2.54483331e-06 4.14537679e-07 5.03062135e-04 -5.11743010e-07 -5.55333462e-07 7.35833770e-05
230              2.03317664e-06 -1.41042223e-07 5.76540865e-04 2.54489185e-06 4.14434754e-07 5.02977071e-04 -5.11715210e-07 -5.55476977e-07 7.35637939e-05
231              2.03298800e-06 -1.41223956e-07 5.76508260e-04 2.54470832e-06 4.14358296e-07 5.02941011e-04 -5.11720316e-07 -5.55582252e-07 7.35672496e-05
232              2.03280592e-06 -1.41311099e-07 5.76464188e-04 2.54447481e-06 4.14309879e-07 5.02894314e-04 -5.11668887e-07 -5.55620979e-07 7.35698734e-05
233              2.03266511e-06 -1.41330110e-07 5.76386987e-04 2.54426526e-06 4.14262781e-07 5.02819892e-04 -5.11600143e-07 -5.55592892e-07 7.35670954e-05
234              2.03252159e-06 -1.41319357e-07 5.76400292e-04 2.54408055e-06 4.14215246e-07 5.02837113e-04 -5.11558955e-07 -5.55534603e-07 7.35631791e-05
235              2.03240207e-06 -1.41302847e-07 5.76462814e-04 2.54394950e-06 4.14164139e-07 5.02903287e-04 -5.11547430e-07 -5.55466987e-07 7.35595274e-05
236              2.03228785e-06 -1.41298078e-07 5.76433696e-04 2.54383825e-06 4.14110174e-07 5.02876813e-04 -5.11550397e-07 -5.55408252e-07 7.35568833e-05
237              2.03216336e-06 -1.41304435e-07 5.76335472e-04 2.54370785e-06 4.14062383e-07 5.02780614e-04 -5.11544491e-07 -5.55366818e-07 7.35548588e-05
238              2.03203918e-06 -1.41316497e-07 5.76250368e-04 2.54355860e-06 4.14019731e-07 5.02698225e-04 -5.11519423e-07 -5.55336228e-07 7.35521433e-05
239              2.03191025e-06 -1.41334835e-07 5.76223261e-04 2.54339730e-06 4.13978160e-07 5.02674577e-04 -5.11487057e-07 -5.55312995e-07 7.35486833e-05
240              2.03178255e-06 -1.41355077e-07 5.76242865e-04 2.54324336e-06 4.13936691e-07 5.02697789e-04 -5.11460801e-07 -5.55291768e-07 7.35450762e-05
241              2.03166851e-06 -1.41372250e-07 5.76248915e-04 2.54311281e-06 4.13895576e-07 5.02706913e-04 -5.11444299e-07 -5.55267826e-07 7.35420012e-05
242              2.03156864e-06 -1.41384659e-07 5.76208231e-04 2.54300114e-06 4.13856957e-07 5.02668353e-04 -5.11432500e-07 -5.55241617e-07 7.35398781e-05
243              2.03148170e-06 -1.41391502e-07 5.76149838e-04 2.54290033e-06 4.13821651e-07 5.02611494e-04 -5.11418630e-07 -5.55213153e-07 7.35383440e-05
244              2.03140000e-06 -1.41395533e-07 5.76109525e-04 2.54280197e-06 4.13788619e-07 5.02572759e-04 -5.11401969e-07 -5.55184153e-07 7.35367666e-05
245              2.03131525e-06 -1.41400674e-07 5.76094969e-04 2.54270144e-06 4.13756844e-07 5.02560166e-04 -5.11386189e-07 -5.55157518e-07 7.35348032e-05
246              2.03122738e-06 -1.41408368e-07 5.76085774e-04 2.54260138e-06 4.13726018e-07 5.02553164e-04 -5.11374000e-07 -5.55134386e-07 7.35326098e-05
247              2.03114136e-06 -1.41417358e-07 5.76064756e-04 2.54250622e-06 4.13696495e-07 5.02534127e-04 -5.11364859e-07 -5.55113853e-07 7.35306298e-05
248              2.03106238e-06 -1.41425610e-07 5.76032473e-04 2.54241848e-06 4.13669042e-07 5.02503373e-04 -5.11356103e-07 -5.55094653e-07 7.35290997e-05
249              2.03099295e-06 -1.41431632e-07 5.76001916e-04 2.54233908e-06 4.13643611e-07 5.02474056e-04 -5.11346131e-07 -5.55075243e-07 7.35278601e-05
250              2.03092989e-06 -1.41435949e-07 5.75979919e-04 2.54226581e-06 4.13619861e-07 5.02453254e-04 -5.11335921e-07 -5.55055810e-07 7.35266643e-05
251              2.03086931e-06 -1.41439942e-07 5.75962461e-04 2.54219646e-06 4.13597575e-07 5.02437058e-04 -5.11327150e-07 -5.55037517e-07 7.35254030e-05
252              2.03081030e-06 -1.41444282e-07 5.75942727e-04 2.54213078e-06 4.13576729e-07 5.02418557e-04 -5.11320481e-07 -5.55021011e-07 7.35241700e-05
253              2.03075440e-06 -1.41448610e-07 5.75919324e-04 2.54206976e-06 4.13557370e-07 5.02396199e-04 -5.11315352e-07 -5.55005980e-07 7.35231252e-05
254              2.03070328e-06 -1.41452225e-07 5.75896095e-04 2.54201410e-06 4.13539538e-07 5.02373777e-04 -5.11310816e-07 -5.54991763e-07 7.35223181e-05
255              2.03065720e-06 -1.41454850e-07 5.75876083e-04 2.54196362e-06 4.13523224e-07 5.02354423e-04 -5.11306424e-07 -5.54978074e-07 7.35216599e-05
256              2.03061518e-06 -1.41456787e-07 5.75858343e-04 2.54191761e-06 4.13508392e-07 5.02337299e-04 -5.11302430e-07 -5.54965179e-07 7.35210445e-05
257              2.03057624e-06 -1.41458454e-07 5.75840176e-04 2.54187557e-06 4.13495010e-07 5.02319723e-04 -5.11299333e-07 -5.54953463e-07 7.35204530e-05
258              2.03054027e-06 -1.41459947e-07 5.75820523e-04 2.54183763e-06 4.13483045e-07 5.02300578e-04 -5.11297361e-07 -5.54942992e-07 7.35199446e-05
259              2.03050781e-06 -1.41461042e-07 5.75800687e-04 2.54180418e-06 4.13472450e-07 5.02281107e-04 -5.11296369e-07 -5.54933491e-07 7.35195795e-05
260              2.03047958e-06 -1.41461743e-07 5.75780740e-04 2.54177539e-06 4.13464374e-07 5.02261376e-04 -5.11295808e-07 -5.54926117e-07 7.35193632e-05
261              2.03045898e-06 -1.41460230e-07 5.75766315e-04 2.54175525e-06 4.13456989e-07 5.02247047e-04 -5.11296263e-07 -5.54917219e-07 7.35192679e-05
262              2.03043917e-06 -1.41458456e-07 5.75751593e-04 2.54173827e-06 4.13449383e-07 5.02232117e-04 -5.11299101e-07 -5.54907839e-07 7.35194756e-05
263              2.03041670e-06 -1.41458149e-07 5.75734685e-04 2.54171900e-06 4.13442284e-07 5.02214924e-04 -5.11302298e-07 -5.54900432e-07 7.35197612e-05
264              2.03039487e-06 -1.41458782e-07 5.75716999e-04 2.54169814e-06 4.13436479e-07 5.02197255e-04 -5.11303275e-07 -5.54895261e-07 7.35197438e-05
265              2.03037649e-06 -1.41459203e-07 5.75700428e-04 2.54167874e-06 4.13432420e-07 5.02181034e-04 -5.11302245e-07 -5.54891623e-07 7.35193941e-05
266              2.03036278e-06 -1.41458954e-07 5.75684114e-04 2.54166393e-06 4.13431417e-07 5.02165095e-04 -5.11301144e-07 -5.54890371e-07 7.35190197e-05
267              2.03035826e-06 -1.41456135e-07 5.75668843e-04 2.54166086e-06 4.13431968e-07 5.02149846e-04 -5.11302594e-07 -5.54888103e-07 7.35189970e-05
268              2.03035923e-06 -1.41451662e-07 5.75654207e-04 2.54166782e-06 4.13433488e-07 5.02134477e-04 -5.11308584e-07 -5.54885149e-07 7.35197296e-05
269              2.03036099e-06 -1.41445425e-07 5.75638911e-04 2.54167848e-06 4.13435639e-07 5.02117903e-04 -5.11317492e-07 -5.54881064e-07 7.35210082e-05
270              2.03037057e-06 -1.41441114e-07 5.75630339e-04 2.54169664e-06 4.13439707e-07 5.02107959e-04 -5.11326062e-07 -5.54880821e-07 7.35223802e-05
271              2.03038608e-06 -1.41434545e-07 5.75620634e-04 2.54172027e-06 4.13443378e-07 5.02097283e-04 -5.11334196e-07 -5.54877924e-07 7.35233508e-05
272              2.03039426e-06 -1.41429459e-07 5.75606464e-04 2.54173810e-06 4.13446858e-07 5.02082232e-04 -5.11343836e-07 -5.54876317e-07 7.35242313e-05
273              2.03039573e-06 -1.41426857e-07 5.75588113e-04 2.54174801e-06 4.13451406e-07 5.02063219e-04 -5.11352278e-07 -5.54878263e-07 7.35248935e-05
274              2.03040306e-06 -1.41426547e-07 5.75573129e-04 2.54176071e-06 4.13458334e-07 5.02047875e-04 -5.11357649e-07 -5.54884881e-07 7.35252539e-05
275              2.03041381e-06 -1.41421577e-07 5.75556352e-04 2.54177584e-06 4.13468155e-07 5.02030758e-04 -5.11362027e-07 -5.54889732e-07 7.35255934e-05
276              2.03043618e-06 -1.41413649e-07 5.75550400e-04 2.54180572e-06 4.13477035e-07 5.02023880e-04 -5.11369546e-07 -5.54890684e-07 7.35265198e-05
277              2.03045864e-06 -1.41406096e-07 5.75546984e-04 2.54184024e-06 4.13485565e-07 5.02018694e-04 -5.11381594e-07 -5.54891661e-07 7.35282896e-05
278              2.03048186e-06 -1.41399861e-07 5.75536082e-04 2.54187523e-06 4.13495550e-07 5.02005962e-04 -5.11393361e-07 -5.54895410e-07 7.35301207e-05
279              2.03050947e-06 -1.41393733e-07 5.75518206e-04 2.54191205e-06 4.13507226e-07 5.01986778e-04 -5.11402585e-07 -5.54900958e-07 7.35314277e-05
280              2.03053912e-06 -1.41387030e-07 5.75502392e-04 2.54195062e-06 4.13519479e-07 5.01970018e-04 -5.11411497e-07 -5.54906509e-07 7.35323738e-05
281              2.03056655e-06 -1.41380347e-07 5.75493537e-04 2.54198887e-06 4.13531584e-07 5.01960147e-04 -5.11422315e-07 -5.54911932e-07 7.35333897e-05
282              2.03059242e-06 -1.41374083e-07 5.75488339e-04 2.54202667e-06 4.13544251e-07 5.01953687e-04 -5.11434250e-07 -5.54918333e-07 7.35346524e-05
283              2.03062193e-06 -1.41367638e-07 5.75481737e-04 2.54206726e-06 4.13558687e-07 5.01945668e-04 -5.11445325e-07 -5.54926325e-07 7.35360691e-05
284              2.03065919e-06 -1.41359914e-07 5.75471432e-04 2.54211512e-06 4.13573801e-07 5.01933846e-04 -5.11455933e-07 -5.54933714e-07 7.35375855e-05
285              2.03069870e-06 -1.41351538e-07 5.75459842e-04 2.54216661e-06 4.13589566e-07 5.01920543e-04 -5.11467914e-07 -5.54941104e-07 7.35392994e-05
286              2.03073872e-06 -1.41342948e-07 5.75448789e-04 2.54221980e-06 4.13605961e-07 5.01907757e-04 -5.11481074e-07 -5.54948909e-07 7.35410319e-05
287              2.03077958e-06 -1.41334243e-07 5.75438821e-04 2.54227431e-06 4.13622822e-07 5.01896157e-04 -5.11494725e-07 -5.54957065e-07 7.35426634e-05
288              2.03082128e-06 -1.41325622e-07 5.75429595e-04 2.54232961e-06 4.13640461e-07 5.01885344e-04 -5.11508329e-07 -5.54966083e-07 7.35442514e-05
289              2.03086482e-06 -1.41316928e-07 5.75421461e-04 2.54238655e-06 4.13658828e-07 5.01875564e-04 -5.11521739e-07 -5.54975757e-07 7.35458965e-05
290              2.03091023e-06 -1.41307922e-07 5.75414989e-04 2.54244569e-06 4.13677752e-07 5.01867296e-04 -5.11535460e-07 -5.54985674e-07 7.35476935e-05
291              2.03095722e-06 -1.41298498e-07 5.75409378e-04 2.54250703e-06 4.13697181e-07 5.01859757e-04 -5.11549811e-07 -5.54995679e-07 7.35496210e-05
292              2.03100574e-06 -1.41288734e-07 5.75402609e-04 2.54257035e-06 4.13717145e-07 5.01851040e-04 -5.11564609e-07 -5.55005878e-07 7.35515683e-05
293              2.03105566e-06 -1.41278797e-07 5.75393617e-04 2.54263519e-06 4.13737578e-07 5.01840158e-04 -5.11579528e-07 -5.55016374e-07 7.35534589e-05
294              2.03110638e-06 -1.41268819e-07 5.75383653e-04 2.54270080e-06 4.13758314e-07 5.01828346e-04 -5.11594417e-07 -5.55027133e-07 7.35553072e-05
295              2.03115718e-06 -1.41258866e-07 5.75374925e-04 2.54276640e-06 4.13779248e-07 5.01817762e-04 -5.11609221e-07 -5.55038114e-07 7.35571627e-05
296              2.03120788e-06 -1.41248987e-07 5.75368251e-04 2.54283168e-06 4.13800469e-07 5.01809213e-04 -5.11623809e-07 -5.55049456e-07 7.35590378e-05
297              2.03125910e-06 -1.41239177e-07 5.75362603e-04 2.54289718e-06 4.13822160e-07 5.01801692e-04 -5.11638077e-07 -5.55061337e-07 7.35609103e-05
298              2.03131178e-06 -1.41229271e-07 5.75356716e-04 2.54296401e-06 4.13844349e-07 5.01793934e-04 -5.11652226e-07 -5.55073620e-07 7.35627815e-05
299              2.03136631e-06 -1.41218981e-07 5.75350481e-04 2.54303305e-06 4.13866758e-07 5.01785784e-04 -5.11666743e-07 -5.55085739e-07 7.35646964e-05
300              2.03142192e-06 -1.41208230e-07 5.75344425e-04 2.54310383e-06 4.13889023e-07 5.01777738e-04 -5.11681910e-07 -5.55097252e-07 7.35666868e-05
301              2.03147714e-06 -1.41197441e-07 5.75338170e-04 2.54317440e-06 4.13911193e-07 5.01769473e-04 -5.11697264e-07 -5.55108633e-07 7.35686976e-05
302              2.03153138e-06 -1.41187209e-07 5.75330573e-04 2.54324322e-06 4.13933828e-07 5.01759964e-04 -5.11711844e-07 -5.55121036e-07 7.35706084e-05
303              2.03165334e-06 -1.41299526e-07 5.75314904e-04 2.54337593e-06 4.13938093e-07 5.01741195e-04 -5.11722596e-07 -5.55237618e-07 7.35737095e-05
304              2.03163706e-06 -1.41233043e-07 5.75326300e-04 2.54336245e-06 4.13989253e-07 5.01747615e-04 -5.11725391e-07 -5.55222296e-07 7.35786852e-05
305              2.03173119e-06 -1.41167765e-07 5.75294936e-04 2.54346376e-06 4.14000498e-07 5.01719016e-04 -5.11732564e-07 -5.55168263e-07 7.35759207e-05
306              2.03180548e-06 -1.41261920e-07 5.75298073e-04 2.54357486e-06 4.14005721e-07 5.01718123e-04 -5.11769374e-07 -5.55267641e-07 7.35799496e-05
307              2.03177678e-06 -1.41188917e-07 5.75325728e-04 2.54355295e-06 4.14064145e-07 5.01741037e-04 -5.11776167e-07 -5.55253063e-07 7.35846902e-05
308              2.03204340e-06 -1.41310292e-07 5.75253906e-04 2.54380972e-06 4.14069583e-07 5.01670633e-04 -5.11766317e-07 -5.55379875e-07 7.35832730e-05
309              2.03198054e-06 -1.41162947e-07 5.75292870e-04 2.54378613e-06 4.14090949e-07 5.01700314e-04 -5.11805599e-07 -5.55253896e-07 7.35925565e-05
310              2.03194233e-06 -1.41094697e-07 5.75320950e-04 2.54376970e-06 4.14136737e-07 5.01729572e-04 -5.11827373e-07 -5.55231434e-07 7.35913781e-05
311              2.03215193e-06 -1.41226543e-07 5.75263680e-04 2.54398406e-06 4.14141118e-07 5.01676025e-04 -5.11832124e-07 -5.55367662e-07 7.35876546e-05
312              2.03212383e-06 -1.41114477e-07 5.75305970e-04 2.54397975e-06 4.14177252e-07 5.01711702e-04 -5.11855923e-07 -5.55291729e-07 7.35942675e-05
313              2.03227200e-06 -1.41218673e-07 5.75276259e-04 2.54413698e-06 4.14181808e-07 5.01680388e-04 -5.11864983e-07 -5.55400481e-07 7.35958704e-05
314              2.03221959e-06 -1.41101217e-07 5.75280501e-04 2.54410429e-06 4.14200204e-07 5.01679737e-04 -5.11884705e-07 -5.55301421e-07 7.36007640e-05
315              2.03221359e-06 -1.41057900e-07 5.75271143e-04 2.54409450e-06 4.14250213e-07 5.01674299e-04 -5.11880915e-07 -5.55308113e-07 7.35968441e-05
316              2.03245850e-06 -1.41191692e-07 5.75195800e-04 2.54433189e-06 4.14253851e-07 5.01602793e-04 -5.11873396e-07 -5.55445542e-07 7.35930071e-05
317              2.03239652e-06 -1.41088494e-07 5.75237796e-04 2.54430037e-06 4.14299378e-07 5.01635199e-04 -5.11903854e-07 -5.55387872e-07 7.36025966e-05
318              2.03257780e-06 -1.41202132e-07 5.75211790e-04 2.54450254e-06 4.14304439e-07 5.01605823e-04 -5.11924746e-07 -5.55506571e-07 7.36059668e-05
319              2.03253087e-06 -1.41053588e-07 5.75312867e-04 2.54449336e-06 4.14321884e-07 5.01699100e-04 -5.11962481e-07 -5.55375472e-07 7.36137670e-05
320              2.03251925e-06 -1.40982083e-07 5.75327399e-04 2.54448840e-06 4.14359757e-07 5.01717680e-04 -5.11969147e-07 -5.55341839e-07 7.36097188e-05
321              2.03269104e-06 -1.41090710e-07 5.75263077e-04 2.54464909e-06 4.14363210e-07 5.01659259e-04 -5.11958050e-07 -5.55453920e-07 7.36038181e-05
322              2.03266672e-06 -1.41027908e-07 5.75181126e-04 2.54463060e-06 4.14416780e-07 5.01573567e-04 -5.11963879e-07 -5.55444688e-07 7.36075587e-05
323              2.03290628e-06 -1.41164636e-07 5.75121144e-04 2.54487831e-06 4.14420251e-07 5.01511019e-04 -5.11972026e-07 -5.55584886e-07 7.36101254e-05
324              2.03282029e-06 -1.41020673e-07 5.75245119e-04 2.54484115e-06 4.14440184e-07 5.01622379e-04 -5.12020863e-07 -5.55460857e-07 7.36227403e-05
325              2.03279378e-06 -1.40939776e-07 5.75338344e-04 2.54483514e-06 4.14478647e-07 5.01717148e-04 -5.12041359e-07 -5.55418422e-07 7.36211962e-05
326              2.03295992e-06 -1.41048703e-07 5.75275835e-04 2.54499862e-06 4.14483290e-07 5.01660866e-04 -5.12038703e-07 -5.55531993e-07 7.36149684e-05
327              2.03295239e-06 -1.40965145e-07 5.75157277e-04 2.54499858e-06 4.14522395e-07 5.01539975e-04 -5.12046196e-07 -5.55487539e-07 7.36173018e-05
328              2.03313805e-06 -1.41072587e-07 5.75119063e-04 2.54518659e-06 4.14526191e-07 5.01499522e-04 -5.12048547e-07 -5.55598778e-07 7.36195411e-05
329              2.03306877e-06 -1.40959009e-07 5.75218141e-04 2.54514288e-06 4.14548945e-07 5.01590199e-04 -5.12074104e-07 -5.55507954e-07 7.36279421e-05
330              2.03312545e-06 -1.41021038e-07 5.75234796e-04 2.54520899e-06 4.14553838e-07 5.01607591e-04 -5.12083543e-07 -5.55574876e-07 7.36272047e-05
331              2.03309292e-06 -1.40940847e-07 5.75274932e-04 2.54517015e-06 4.14619878e-07 5.01648936e-04 -5.12077225e-07 -5.55560725e-07 7.36259959e-05
332              2.03339693e-06 -1.41072076e-07 5.75167281e-04 2.54546557e-06 4.14624074e-07 5.01545156e-04 -5.12068639e-07 -5.55696150e-07 7.36221252e-05
333              2.03343401e-06 -1.41079170e-07 5.75187681e-04 2.54555295e-06 4.14628522e-07 5.01551102e-04 -5.12118942e-07 -5.55707692e-07 7.36365792e-05
334              2.03331067e-06 -1.40917545e-07 5.75190552e-04 2.54546189e-06 4.14670461e-07 5.01546533e-04 -5.12151221e-07 -5.55588006e-07 7.36440195e-05
335              2.03343999e-06 -1.40979969e-07 5.75172994e-04 2.54558963e-06 4.14675390e-07 5.01536302e-04 -5.12149636e-07 -5.55655359e-07 7.36366925e-05
336              2.03339303e-06 -1.40856694e-07 5.75280211e-04 2.54554741e-06 4.14716740e-07 5.01645616e-04 -5.12154380e-07 -5.55573434e-07 7.36345948e-05
337              2.03357618e-06 -1.40960634e-07 5.75209271e-04 2.54572846e-06 4.14720309e-07 5.01577914e-04 -5.12152276e-07 -5.55680943e-07 7.36313571e-05
338              2.03359848e-06 -1.40979444e-07 5.75215242e-04 2.54577678e-06 4.14724338e-07 5.01575605e-04 -5.12178297e-07 -5.55703782e-07 7.36396376e-05
339              2.03352098e-06 -1.40879912e-07 5.75158628e-04 2.54570787e-06 4.14769897e-07 5.01515033e-04 -5.12186891e-07 -5.55649809e-07 7.36435950e-05
340              2.03371063e-06 -1.40960278e-07 5.75114071e-04 2.54588988e-06 4.14774591e-07 5.01474781e-04 -5.12179245e-07 -5.55734869e-07 7.36392895e-05
341              2.03365162e-06 -1.40840943e-07 5.75184444e-04 2.54585263e-06 4.14808588e-07 5.01540901e-04 -5.12201009e-07 -5.55649532e-07 7.36435434e-05
342              2.03377894e-06 -1.40921951e-07 5.75161092e-04 2.54599259e-06 4.14812709e-07 5.01518482e-04 -5.12213642e-07 -5.55734660e-07 7.36426106e-05
343              2.03374314e-06 -1.40812742e-07 5.75259526e-04 2.54597646e-06 4.14843318e-07 5.01613208e-04 -5.12233323e-07 -5.55656061e-07 7.36463175e-05
344              2.03385898e-06 -1.40888834e-07 5.75222505e-04 2.54609630e-06 4.14847340e-07 5.01577314e-04 -5.12237321e-07 -5.55736174e-07 7.36451908e-05
345              2.03383149e-06 -1.40804861e-07 5.75107069e-04 2.54608027e-06 4.14874171e-07 5.01459139e-04 -5.12248781e-07 -5.55679031e-07 7.36479303e-05
346              2.03394692e-06 -1.40876329e-07 5.75097962e-04 2.54619791e-06 4.14877497e-07 5.01450560e-04 -5.12250997e-07 -5.55753826e-07 7.36474028e-05
347              2.03389601e-06 -1.40792539e-07 5.75225571e-04 2.54615360e-06 4.14916028e-07 5.01575189e-04 -5.12257598e-07 -5.55708568e-07 7.36503812e-05
348              2.03405228e-06 -1.40878908e-07 5.75181332e-04 2.54630969e-06 4.14919131e-07 5.01532713e-04 -5.12257418e-07 -5.55798039e-07 7.36486191e-05
349              2.03406612e-06 -1.40886912e-07 5.75197829e-04 2.54634856e-06 4.14923081e-07 5.01542602e-04 -5.12282446e-07 -5.55809993e-07 7.36552271e-05
350              2.03400577e-06 -1.40791359e-07 5.75178227e-04 2.54629478e-06 4.14970455e-07 5.01521053e-04 -5.12289008e-07 -5.55761815e-07 7.36571738e-05
351              2.03420975e-06 -1.40869536e-07 5.75115272e-04 2.54649259e-06 4.14974779e-07 5.01462645e-04 -5.12282844e-07 -5.55844315e-07 7.36526276e-05
352              2.03423741e-06 -1.40869175e-07 5.75132494e-04 2.54654936e-06 4.14978815e-07 5.01472548e-04 -5.12311949e-07 -5.55847990e-07 7.36599461e-05
353              2.03413884e-06 -1.40746775e-07 5.75197392e-04 2.54646776e-06 4.15011476e-07 5.01534166e-04 -5.12328920e-07 -5.55758250e-07 7.36632258e-05
354              2.03424513e-06 -1.40801870e-07 5.75169518e-04 2.54656998e-06 4.15015173e-07 5.01511783e-04 -5.12324852e-07 -5.55817043e-07 7.36577344e-05
355              2.03421222e-06 -1.40719342e-07 5.75173881e-04 2.54654374e-06 4.15047461e-07 5.01516124e-04 -5.12331526e-07 -5.55766804e-07 7.36577568e-05
356              2.03436081e-06 -1.40802869e-07 5.75131316e-04 2.54669481e-06 4.15050345e-07 5.01474279e-04 -5.12334000e-07 -5.55853214e-07 7.36570364e-05
357              2.03438241e-06 -1.40815944e-07 5.75151362e-04 2.54673820e-06 4.15053835e-07 5.01486955e-04 -5.12355793e-07 -5.55869779e-07 7.36644073e-05
358              2.03432118e-06 -1.40720882e-07 5.75162053e-04 2.54668503e-06 4.15080908e-07 5.01494975e-04 -5.12363849e-07 -5.55801790e-07 7.36670789e-05
359              2.03442021e-06 -1.40766869e-07 5.75141254e-04 2.54677645e-06 4.15084463e-07 5.01478972e-04 -5.12356243e-07 -5.55851331e-07 7.36622818e-05
360              2.03438525e-06 -1.40695974e-07 5.75165899e-04 2.54674389e-06 4.15120994e-07 5.01503949e-04 -5.12358635e-07 -5.55816968e-07 7.36619502e-05
361              2.03454891e-06 -1.40781278e-07 5.75116537e-04 2.54691060e-06 4.15123069e-07 5.01455324e-04 -5.12361688e-07 -5.55904348e-07 7.36612125e-05
362              2.03456491e-06 -1.40790685e-07 5.75143999e-04 2.54695663e-06 4.15125923e-07 5.01473863e-04 -5.12391719e-07 -5.55916609e-07 7.36701358e-05
363              2.03450418e-06 -1.40687756e-07 5.75188328e-04 2.54691048e-06 4.15153263e-07 5.01514430e-04 -5.12406302e-07 -5.55841018e-07 7.36738983e-05
364              2.03459561e-06 -1.40730070e-07 5.75165126e-04 2.54699688e-06 4.15156594e-07 5.01496364e-04 -5.12401274e-07 -5.55886664e-07 7.36687612e-05
365              2.03456576e-06 -1.40659097e-07 5.75140321e-04 2.54697109e-06 4.15180495e-07 5.01472738e-04 -5.12405338e-07 -5.55839592e-07 7.36675829e-05
366              2.03467130e-06 -1.40722317e-07 5.75108633e-04 2.54707816e-06 4.15182794e-07 5.01442342e-04 -5.12406865e-07 -5.55905111e-07 7.36662905e-05
367              2.03468184e-06 -1.40733885e-07 5.75128937e-04 2.54710338e-06 4.15185880e-07 5.01457454e-04 -5.12421535e-07 -5.55919765e-07 7.36714836e-05
368              2.03463672e-06 -1.40668300e-07 5.75180579e-04 2.54705978e-06 4.15221432e-07 5.01507092e-04 -5.12423061e-07 -5.55889732e-07 7.36734872e-05
369              2.03478603e-06 -1.40729456e-07 5.75132278e-04 2.54720353e-06 4.15224454e-07 5.01461792e-04 -5.12417500e-07 -5.55953910e-07 7.36704862e-05
370              2.03480602e-06 -1.40730484e-07 5.75142309e-04 2.54724636e-06 4.15227422e-07 5.01466135e-04 -5.12440340e-07 -5.55957906e-07 7.36761740e-05
371              2.03473829e-06 -1.40639621e-07 5.75151263e-04 2.54719344e-06 4.15247892e-07 5.01472537e-04 -5.12455151e-07 -5.55887513e-07 7.36787259e-05
372              2.03480170e-06 -1.40673082e-07 5.75139789e-04 2.54725482e-06 4.15250835e-07 5.01465209e-04 -5.12453118e-07 -5.55923917e-07 7.36745798e-05
373              2.03481907e-06 -1.40678203e-07 5.75143747e-04 2.54727366e-06 4.15254344e-07 5.01469716e-04 -5.12454594e-07 -5.55932547e-07 7.36740307e-05
374              2.03478930e-06 -1.40631111e-07 5.75126346e-04 2.54723710e-06 4.15287994e-07 5.01453022e-04 -5.12447800e-07 -5.55919105e-07 7.36733232e-05
375              2.03494918e-06 -1.40697573e-07 5.75074729e-04 2.54739166e-06 4.15290320e-07 5.01402045e-04 -5.12442478e-07 -5.55987893e-07 7.36726844e-05
376              2.03496927e-06 -1.40704603e-07 5.75100880e-04 2.54743862e-06 4.15293360e-07 5.01419482e-04 -5.12469347e-07 -5.55997963e-07 7.36813985e-05
377              2.03490244e-06 -1.40614730e-07 5.75190589e-04 2.54739069e-06 4.15314597e-07 5.01504995e-04 -5.12488248e-07 -5.55929327e-07 7.36855943e-05
378              2.03496559e-06 -1.40647492e-07 5.75178905e-04 2.54745543e-06 4.15317549e-07 5.01497996e-04 -5.12489845e-07 -5.55965040e-07 7.36809085e-05
379              2.03495606e-06 -1.40584781e-07 5.75168219e-04 2.54745065e-06 4.15334386e-07 5.01489241e-04 -5.12494593e-07 -5.55919167e-07 7.36789784e-05
380              2.03502971e-06 -1.40630147e-07 5.75137009e-04 2.54752412e-06 4.15336389e-07 5.01459751e-04 -5.12494404e-07 -5.55966536e-07 7.36772573e-05
381              2.03504179e-06 -1.40640548e-07 5.75132760e-04 2.54754314e-06 4.15338563e-07 5.01452481e-04 -5.12501354e-07 -5.55979110e-07 7.36802785e-05
382              2.03499881e-06 -1.40597216e-07 5.75077677e-04 2.54749996e-06 4.15360493e-07 5.01395857e-04 -5.12501156e-07 -5.55957709e-07 7.36818202e-05
383              2.03509498e-06 -1.40640249e-07 5.75060226e-04 2.54759088e-06 4.15362623e-07 5.01379753e-04 -5.12495906e-07 -5.56002872e-07 7.36804735e-05
384              2.03506375e-06 -1.40580414e-07 5.75150785e-04 2.54757128e-06 4.15376909e-07 5.01467536e-04 -5.12507531e-07 -5.55957322e-07 7.36832485e-05
385              2.03511445e-06 -1.40616354e-07 5.75143377e-04 2.54762930e-06 4.15378988e-07 5.01460596e-04 -5.12514856e-07 -5.55995342e-07 7.36827810e-05
386              2.03510587e-06 -1.40565267e-07 5.75179273e-04 2.54762932e-06 4.15392917e-07 5.01495418e-04 -5.12523447e-07 -5.55958184e-07 7.36838551e-05
387              2.03515911e-06 -1.40599004e-07 5.75158528e-04 2.54768374e-06 4.15394914e-07 5.01475398e-04 -5.12524636e-07 -5.55993919e-07 7.36831307e-05
388              2.03514963e-06 -1.40562925e-07 5.75074973e-04 2.54767834e-06 4.15408339e-07 5.01390684e-04 -5.12528708e-07 -5.55971264e-07 7.36842900e-05
389              2.03521137e-06 -1.40599441e-07 5.75071233e-04 2.54774106e-06 4.15409897e-07 5.01386928e-04 -5.12529690e-07 -5.56009338e-07 7.36843045e-05
390              2.03518150e-06 -1.40558013e-07 5.75138960e-04 2.54771680e-06 4.15424940e-07 5.01452686e-04 -5.12535292e-07 -5.55982953e-07 7.36862743e-05
391              2.03523859e-06 -1.40594106e-07 5.75127554e-04 2.54777525e-06 4.15426578e-07 5.01442190e-04 -5.12536664e-07 -5.56020684e-07 7.36853637e-05
392              2.03524433e-06 -1.40598446e-07 5.75136768e-04 2.54778958e-06 4.15428970e-07 5.01449463e-04 -5.12545247e-07 -5.56027415e-07 7.36873047e-05
393              2.03521760e-06 -1.40552517e-07 5.75139941e-04 2.54776386e-06 4.15447502e-07 5.01452311e-04 -5.12546264e-07 -5.56000019e-07 7.36876302e-05
394              2.03529701e-06 -1.40583918e-07 5.75115673e-04 2.54783957e-06 4.15449437e-07 5.01429496e-04 -5.12542561e-07 -5.56033355e-07 7.36861771e-05
395              2.03531128e-06 -1.40586359e-07 5.75122126e-04 2.54786363e-06 4.15451511e-07 5.01432869e-04 -5.12552350e-07 -5.56037870e-07 7.36892575e-05
396              2.03527706e-06 -1.40542135e-07 5.75115318e-04 2.54783463e-06 4.15468722e-07 5.01424706e-04 -5.12557568e-07 -5.56010857e-07 7.36906124e-05
397              2.03534812e-06 -1.40573907e-07 5.75099915e-04 2.54790518e-06 4.15470354e-07 5.01411427e-04 -5.12557066e-07 -5.56044261e-07 7.36884883e-05
398              2.03535891e-06 -1.40576616e-07 5.75110375e-04 2.54792577e-06 4.15472218e-07 5.01420076e-04 -5.12566858e-07 -5.56048834e-07 7.36902995e-05
399              2.03532600e-06 -1.40528139e-07 5.75154924e-04 2.54789751e-06 4.15484202e-07 5.01464038e-04 -5.12571506e-07 -5.56012341e-07 7.36908859e-05
400              2.03536637e-06 -1.40549426e-07 5.75139522e-04 2.54793530e-06 4.15485992e-07 5.01450379e-04 -5.12568932e-07 -5.56035418e-07 7.36891423e-05
401              2.03535594e-06 -1.40519480e-07 5.75106963e-04 2.54792713e-06 4.15498721e-07 5.01417381e-04 -5.12571183e-07 -5.56018201e-07 7.36895817e-05
402              2.03541487e-06 -1.40552601e-07 5.75096482e-04 2.54798769e-06 4.15499819e-07 5.01406665e-04 -5.12572820e-07 -5.56052420e-07 7.36898177e-05
403              2.03542305e-06 -1.40557535e-07 5.75112512e-04 2.54800440e-06 4.15501227e-07 5.01419547e-04 -5.12581346e-07 -5.56058762e-07 7.36929653e-05
404              2.03539761e-06 -1.40519711e-07 5.75131300e-04 2.54798151e-06 4.15513462e-07 5.01437550e-04 -5.12583893e-07 -5.56033173e-07 7.36937496e-05
405              2.03544559e-06 -1.40540823e-07 5.75117115e-04 2.54802638e-06 4.15514996e-07 5.01425853e-04 -5.12580788e-07 -5.56055819e-07 7.36912612e-05
406              2.03545353e-06 -1.40545575e-07 5.75117867e-04 2.54803834e-06 4.15517866e-07 5.01426199e-04 -5.12584813e-07 -5.56063441e-07 7.36916686e-05
407              2.03543427e-06 -1.40512304e-07 5.75118761e-04 2.54802075e-06 4.15531908e-07 5.01426677e-04 -5.12586482e-07 -5.56044212e-07 7.36920849e-05
408              2.03549333e-06 -1.40539155e-07 5.75102399e-04 2.54808068e-06 4.15533134e-07 5.01410484e-04 -5.12587347e-07 -5.56072288e-07 7.36919150e-05
409              2.03550192e-06 -1.40540784e-07 5.75115712e-04 2.54809934e-06 4.15534482e-07 5.01420640e-04 -5.12597416e-07 -5.56075266e-07 7.36950720e-05
410              2.03548025e-06 -1.40500951e-07 5.75132133e-04 2.54808304e-06 4.15542000e-07 5.01435885e-04 -5.12602782e-07 -5.56042951e-07 7.36962483e-05
411              2.03550365e-06 -1.40513992e-07 5.75127690e-04 2.54810461e-06 4.15543417e-07 5.01433727e-04 -5.12600954e-07 -5.56057408e-07 7.36939635e-05
412              2.03549432e-06 -1.40493483e-07 5.75106556e-04 2.54809369e-06 4.15554265e-07 5.01413826e-04 -5.12599372e-07 -5.56047748e-07 7.36927309e-05
413              2.03554620e-06 -1.40521153e-07 5.75088312e-04 2.54814444e-06 4.15555019e-07 5.01396131e-04 -5.12598242e-07 -5.56076172e-07 7.36921806e-05
414              2.03555199e-06 -1.40526801e-07 5.75098067e-04 2.54815785e-06 4.15556176e-07 5.01403068e-04 -5.12605856e-07 -5.56082977e-07 7.36949994e-05
415              2.03552689e-06 -1.40495950e-07 5.75136083e-04 2.54813686e-06 4.15565395e-07 5.01439585e-04 -5.12609961e-07 -5.56061345e-07 7.36964972e-05
416              2.03555903e-06 -1.40511249e-07 5.75129024e-04 2.54816801e-06 4.15566679e-07 5.01433726e-04 -5.12608979e-07 -5.56077929e-07 7.36952977e-05
417              2.03556735e-06 -1.40512370e-07 5.75129199e-04 2.54817944e-06 4.15568358e-07 5.01433468e-04 -5.12612099e-07 -5.56080728e-07 7.36957316e-05
418              2.03555708e-06 -1.40488617e-07 5.75100065e-04 2.54816941e-06 4.15579024e-07 5.01404384e-04 -5.12612336e-07 -5.56067641e-07 7.36956811e-05
419              2.03560706e-06 -1.40509038e-07 5.75087309e-04 2.54821845e-06 4.15579982e-07 5.01392344e-04 -5.12611395e-07 -5.56089020e-07 7.36949652e-05
420              2.03561422e-06 -1.40511411e-07 5.75097264e-04 2.54823257e-06 4.15581072e-07 5.01400233e-04 -5.12618353e-07 -5.56092483e-07 7.36970309e-05
421              2.03558956e-06 -1.40481567e-07 5.75135391e-04 2.54821231e-06 4.15587894e-07 5.01437463e-04 -5.12622750e-07 -5.56069460e-07 7.36979283e-05
422              2.03560923e-06 -1.40493443e-07 5.75128978e-04 2.54823143e-06 4.15588979e-07 5.01432442e-04 -5.12622198e-07 -5.56082422e-07 7.36965360e-05
423              2.03561428e-06 -1.40495610e-07 5.75125467e-04 2.54823780e-06 4.15590460e-07 5.01429037e-04 -5.12623512e-07 -5.56086070e-07 7.36964304e-05
424              2.03560697e-06 -1.40478856e-07 5.75095313e-04 2.54822925e-06 4.15600209e-07 5.01398977e-04 -5.12622287e-07 -5.56079065e-07 7.36963358e-05
425              2.03565504e-06 -1.40498611e-07 5.75083639e-04 2.54827606e-06 4.15600985e-07 5.01387438e-04 -5.12621020e-07 -5.56099596e-07 7.36962008e-05
426              2.03566244e-06 -1.40501332e-07 5.75096707e-04 2.54829032e-06 4.15601981e-07 5.01398080e-04 -5.12627879e-07 -5.56103313e-07 7.36986272e-05
427              2.03564138e-06 -1.40473195e-07 5.75135131e-04 2.54827416e-06 4.15606979e-07 5.01435508e-04 -5.12632776e-07 -5.56080174e-07 7.36996234e-05
428              2.03565270e-06 -1.40481078e-07 5.75131832e-04 2.54828553e-06 4.15608006e-07 5.01433766e-04 -5.12632827e-07 -5.56089084e-07 7.36980668e-05
429              2.03564914e-06 -1.40465196e-07 5.75113480e-04 2.54828175e-06 4.15614154e-07 5.01416314e-04 -5.12632605e-07 -5.56079350e-07 7.36971662e-05
430              2.03567862e-06 -1.40480962e-07 5.75102728e-04 2.54831040e-06 4.15614756e-07 5.01405928e-04 -5.12631783e-07 -5.56095718e-07 7.36968000e-05
431              2.03568432e-06 -1.40484818e-07 5.75104481e-04 2.54831928e-06 4.15615579e-07 5.01406156e-04 -5.12634956e-07 -5.56100396e-07 7.36983247e-05
432              2.03567139e-06 -1.40469394e-07 5.75099922e-04 2.54830749e-06 4.15622660e-07 5.01400791e-04 -5.12636102e-07 -5.56092054e-07 7.36991308e-05
433              2.03570171e-06 -1.40482954e-07 5.75094686e-04 2.54833711e-06 4.15623395e-07 5.01396169e-04 -5.12635406e-07 -5.56106348e-07 7.36985162e-05
434              2.03569321e-06 -1.40462452e-07 5.75120063e-04 2.54833322e-06 4.15626398e-07 5.01420903e-04 -5.12640003e-07 -5.56088849e-07 7.36991597e-05
435              2.03570070e-06 -1.40471409e-07 5.75119362e-04 2.54834325e-06 4.15627161e-07 5.01420430e-04 -5.12642550e-07 -5.56098570e-07 7.36989319e-05
436              2.03569822e-06 -1.40457731e-07 5.75118845e-04 2.54834151e-06 4.15631051e-07 5.01419967e-04 -5.12643295e-07 -5.56088782e-07 7.36988785e-05
437              2.03571456e-06 -1.40467928e-07 5.75112972e-04 2.54835669e-06 4.15631678e-07 5.01414347e-04 -5.12642129e-07 -5.56099607e-07 7.36986251e-05
438              2.03571141e-06 -1.40459467e-07 5.75093619e-04 2.54835373e-06 4.15636799e-07 5.01394563e-04 -5.12642320e-07 -5.56096266e-07 7.36990561e-05
439              2.03573576e-06 -1.40472873e-07 5.75090471e-04 2.54837847e-06 4.15637227e-07 5.01391297e-04 -5.12642709e-07 -5.56110100e-07 7.36991739e-05
440              2.03572650e-06 -1.40458039e-07 5.75112784e-04 2.54837323e-06 4.15639855e-07 5.01412635e-04 -5.12646736e-07 -5.56097894e-07 7.37001489e-05
441              2.03573311e-06 -1.40465740e-07 5.75113875e-04 2.54838168e-06 4.15640560e-07 5.01413946e-04 -5.12648563e-07 -5.56106301e-07 7.36999286e-05
442              2.03573030e-06 -1.40453180e-07 5.75119346e-04 2.54837935e-06 4.15644162e-07 5.01419611e-04 -5.12649055e-07 -5.56097343e-07 7.36997352e-05
443              2.03574511e-06 -1.40461660e-07 5.75112868e-04 2.54839319e-06 4.15644780e-07 5.01413483e-04 -5.12648080e-07 -5.56106441e-07 7.36993857e-05
444              2.03574303e-06 -1.40453098e-07 5.75098682e-04 2.54839172e-06 4.15649152e-07 5.01398894e-04 -5.12648692e-07 -5.56102250e-07 7.36997875e-05
445              2.03576329e-06 -1.40464351e-07 5.75096002e-04 2.54841274e-06 4.15649522e-07 5.01395957e-04 -5.12649449e-07 -5.56113874e-07 7.37000451e-05
446              2.03576519e-06 -1.40465967e-07 5.75104229e-04 2.54841787e-06 4.15650131e-07 5.01403028e-04 -5.12652679e-07 -5.56116098e-07 7.37012002e-05
447              2.03575479e-06 -1.40451443e-07 5.75117433e-04 2.54840885e-06 4.15653411e-07 5.01416032e-04 -5.12654067e-07 -5.56104854e-07 7.37014004e-05
448              2.03576514e-06 -1.40456890e-07 5.75113604e-04 2.54841836e-06 4.15654069e-07 5.01413211e-04 -5.12653223e-07 -5.56110959e-07 7.37003936e-05
449              2.03576220e-06 -1.40447154e-07 5.75107135e-04 2.54841571e-06 4.15657644e-07 5.01407066e-04 -5.12653514e-07 -5.56104798e-07 7.37000684e-05
450              2.03577860e-06 -1.40456332e-07 5.75101513e-04 2.54843239e-06 4.15658011e-07 5.01401445e-04 -5.12653786e-07 -5.56114342e-07 7.37000681e-05
451              2.03578134e-06 -1.40458107e-07 5.75104269e-04 2.54843747e-06 4.15658464e-07 5.01403207e-04 -5.12656139e-07 -5.56116571e-07 7.37010625e-05
452              2.03577444e-06 -1.40447933e-07 5.75106311e-04 2.54843141e-06 4.15661935e-07 5.01404806e-04 -5.12656977e-07 -5.56109868e-07 7.37015050e-05
453              2.03578857e-06 -1.40454400e-07 5.75103970e-04 2.54844486e-06 4.15662403e-07 5.01402964e-04 -5.12656294e-07 -5.56116803e-07 7.37010054e-05
454              2.03578467e-06 -1.40444372e-07 5.75110669e-04 2.54844246e-06 4.15664610e-07 5.01409581e-04 -5.12657797e-07 -5.56108982e-07 7.37010876e-05
455              2.03579256e-06 -1.40450654e-07 5.75108376e-04 2.54845127e-06 4.15665000e-07 5.01407454e-04 -5.12658711e-07 -5.56115654e-07 7.37009217e-05
456              2.03579407e-06 -1.40452114e-07 5.75109117e-04 2.54845384e-06 4.15665590e-07 5.01407898e-04 -5.12659767e-07 -5.56117704e-07 7.37012190e-05
457              2.03579060e-06 -1.40444522e-07 5.75103419e-04 2.54844997e-06 4.15669095e-07 5.01402132e-04 -5.12659367e-07 -5.56113618e-07 7.37012871e-05
458              2.03580688e-06 -1.40451253e-07 5.75099381e-04 2.54846546e-06 4.15669462e-07 5.01398257e-04 -5.12658578e-07 -5.56120715e-07 7.37011245e-05
459              2.03580955e-06 -1.40452141e-07 5.75102736e-04 2.54847014e-06 4.15669907e-07 5.01400907e-04 -5.12660595e-07 -5.56122049e-07 7.37018297e-05
460              2.03580199e-06 -1.40442352e-07 5.75110659e-04 2.54846404e-06 4.15672359e-07 5.01408546e-04 -5.12662048e-07 -5.56114711e-07 7.37021130e-05
461              2.03580996e-06 -1.40446745e-07 5.75108626e-04 2.54847209e-06 4.15672737e-07 5.01407028e-04 -5.12662133e-07 -5.56119482e-07 7.37015985e-05
462              2.03581190e-06 -1.40447368e-07 5.75108322e-04 2.54847486e-06 4.15673208e-07 5.01406738e-04 -5.12662963e-07 -5.56120576e-07 7.37015833e-05
463              2.03580873e-06 -1.40440310e-07 5.75105196e-04 2.54847161e-06 4.15676016e-07 5.01403637e-04 -5.12662882e-07 -5.56116326e-07 7.37015594e-05
464              2.03582152e-06 -1.40445922e-07 5.75101444e-04 2.54848390e-06 4.15676321e-07 5.01399954e-04 -5.12662383e-07 -5.56122243e-07 7.37014899e-05
465              2.03582382e-06 -1.40446923e-07 5.75103721e-04 2.54848780e-06 4.15676688e-07 5.01401588e-04 -5.12663981e-07 -5.56123611e-07 7.37021330e-05
466              2.03581817e-06 -1.40439366e-07 5.75106734e-04 2.54848323e-06 4.15678710e-07 5.01404317e-04 -5.12665061e-07 -5.56118076e-07 7.37024169e-05
