/*--------------------------------*- C++ -*----------------------------------*\
| =========                 |                                                 |
| \\      /  F ield         | OpenFOAM: The Open Source CFD Toolbox           |
|  \\    /   O peration     | Version:  2512                                  |
|   \\  /    A nd           | Website:  www.openfoam.com                      |
|    \\/     M anipulation  |                                                 |
\*---------------------------------------------------------------------------*/
FoamFile
{
    version     2.0;
    format      ascii;
    arch        "LSB;label=32;scalar=64";
    class       volScalarField;
    location    "1.5";
    object      p;
}
// * * * * * * * * * * * * * * * * * * * * * * * * * * * * * * * * * * * * * //

dimensions      [0 2 -2 0 0 0 0];

internalField   nonuniform List<scalar> 
10250
(
0.746614
0.62906
0.539532
0.484508
0.445948
0.414449
0.388981
0.37
0.356736
0.347686
0.341413
0.336826
0.333181
0.33002
0.32709
0.324266
0.321498
0.318771
0.316082
0.313436
0.310833
0.308273
0.305755
0.303275
0.300832
0.298422
0.296042
0.293689
0.291362
0.289059
0.286778
0.284518
0.282277
0.280056
0.277853
0.275668
0.2735
0.271349
0.269214
0.267095
0.264992
0.262905
0.260832
0.258774
0.256731
0.254703
0.252688
0.250688
0.248702
0.246729
0.24477
0.242824
0.240892
0.238972
0.237065
0.235171
0.23329
0.231421
0.229564
0.227719
0.225887
0.224066
0.222257
0.220459
0.218673
0.216899
0.215136
0.213384
0.211643
0.209914
0.208195
0.206487
0.20479
0.203104
0.201429
0.199765
0.198111
0.196468
0.194836
0.193215
0.191604
0.190004
0.188415
0.186837
0.18527
0.183714
0.18217
0.180636
0.179114
0.177603
0.176103
0.174615
0.173139
0.171675
0.170222
0.168781
0.167353
0.165936
0.164531
0.163139
0.161758
0.160389
0.159032
0.157686
0.156352
0.155029
0.153717
0.152416
0.151126
0.149845
0.148574
0.147313
0.146061
0.144817
0.143582
0.142355
0.141135
0.139922
0.138715
0.137515
0.136321
0.135132
0.133949
0.13277
0.131596
0.130426
0.129261
0.128099
0.126941
0.125786
0.124634
0.123486
0.122341
0.121198
0.120059
0.118921
0.117787
0.116655
0.115526
0.114399
0.113275
0.112153
0.111033
0.109915
0.1088
0.107688
0.106577
0.105469
0.104363
0.103259
0.102158
0.101059
0.0999629
0.0988689
0.0977774
0.0966885
0.0956022
0.0945185
0.0934376
0.0923595
0.0912842
0.0902118
0.0891423
0.0880758
0.0870123
0.0859518
0.0848943
0.0838398
0.0827883
0.0817396
0.0806939
0.0796509
0.0786105
0.0775728
0.0765376
0.0755047
0.074474
0.0734454
0.0724188
0.071394
0.0703709
0.0693492
0.068329
0.06731
0.0662921
0.0652752
0.0642592
0.0632439
0.0622294
0.0612153
0.0602018
0.0591887
0.0581759
0.0571634
0.0561511
0.055139
0.0541271
0.0531153
0.0521035
0.0510919
0.0500802
0.0490686
0.048057
0.0470454
0.0460338
0.0450222
0.0440106
0.042999
0.0419874
0.0409758
0.0399641
0.0389524
0.0379408
0.0369291
0.0359174
0.0349057
0.0338939
0.0328822
0.0318705
0.0308588
0.029847
0.0288353
0.0278235
0.0268118
0.0258
0.0247883
0.0237765
0.0227647
0.021753
0.0207412
0.0197295
0.0187177
0.0177059
0.0166942
0.0156824
0.0146706
0.0136589
0.0126471
0.0116353
0.0106236
0.0096118
0.00860003
0.00758826
0.00657649
0.00556473
0.00455296
0.00354119
0.00252942
0.00151765
0.000505881
0.625073
0.573409
0.518831
0.476463
0.444327
0.417731
0.395467
0.377803
0.364542
0.354813
0.347568
0.341949
0.337356
0.3334
0.329844
0.326544
0.323418
0.320421
0.317526
0.314717
0.311983
0.309315
0.306705
0.304148
0.301636
0.299166
0.296732
0.294332
0.291962
0.289621
0.287305
0.285014
0.282745
0.280498
0.278272
0.276065
0.273878
0.271708
0.269557
0.267422
0.265305
0.263204
0.261119
0.25905
0.256996
0.254957
0.252933
0.250924
0.248929
0.246949
0.244982
0.243029
0.24109
0.239164
0.237251
0.235352
0.233465
0.23159
0.229729
0.227879
0.226042
0.224217
0.222404
0.220602
0.218813
0.217034
0.215268
0.213512
0.211768
0.210035
0.208313
0.206603
0.204903
0.203214
0.201536
0.199868
0.198212
0.196567
0.194932
0.193308
0.191695
0.190092
0.188501
0.18692
0.185351
0.183793
0.182245
0.180709
0.179185
0.177671
0.17617
0.17468
0.173201
0.171734
0.17028
0.168837
0.167406
0.165987
0.16458
0.163185
0.161802
0.160431
0.159072
0.157725
0.156389
0.155064
0.153751
0.152448
0.151156
0.149874
0.148602
0.147339
0.146086
0.144841
0.143605
0.142377
0.141156
0.139942
0.138735
0.137534
0.136339
0.13515
0.133966
0.132787
0.131612
0.130442
0.129276
0.128113
0.126955
0.1258
0.124648
0.123499
0.122353
0.121211
0.120071
0.118933
0.117798
0.116666
0.115537
0.114409
0.113285
0.112162
0.111042
0.109924
0.108809
0.107696
0.106585
0.105477
0.10437
0.103267
0.102165
0.101066
0.0999692
0.0988749
0.0977831
0.0966938
0.0956072
0.0945232
0.0934419
0.0923635
0.0912879
0.0902152
0.0891454
0.0880786
0.0870148
0.085954
0.0848963
0.0838415
0.0827897
0.0817408
0.0806948
0.0796517
0.0786112
0.0775733
0.0765379
0.0755049
0.0744741
0.0734455
0.0724188
0.0713939
0.0703707
0.069349
0.0683288
0.0673098
0.0662919
0.065275
0.064259
0.0632437
0.0622292
0.0612152
0.0602016
0.0591885
0.0581758
0.0571633
0.056151
0.055139
0.054127
0.0531152
0.0521035
0.0510918
0.0500802
0.0490686
0.048057
0.0470454
0.0460338
0.0450222
0.0440106
0.042999
0.0419874
0.0409758
0.0399641
0.0389524
0.0379408
0.0369291
0.0359174
0.0349057
0.0338939
0.0328822
0.0318705
0.0308588
0.029847
0.0288353
0.0278235
0.0268118
0.0258
0.0247883
0.0237765
0.0227647
0.021753
0.0207412
0.0197295
0.0187177
0.0177059
0.0166942
0.0156824
0.0146706
0.0136589
0.0126471
0.0116353
0.0106236
0.0096118
0.00860003
0.00758826
0.0065765
0.00556473
0.00455296
0.00354119
0.00252942
0.00151765
0.000505881
0.555785
0.532929
0.501132
0.46995
0.443401
0.420883
0.40146
0.385064
0.371783
0.361328
0.353117
0.346541
0.341117
0.336494
0.332426
0.328738
0.325318
0.32209
0.31901
0.316047
0.313182
0.310401
0.307692
0.305047
0.302459
0.29992
0.297426
0.294972
0.292554
0.29017
0.287816
0.28549
0.28319
0.280915
0.278663
0.276434
0.274225
0.272036
0.269867
0.267717
0.265584
0.263469
0.261372
0.259291
0.257226
0.255177
0.253144
0.251126
0.249123
0.247135
0.245161
0.243202
0.241256
0.239324
0.237406
0.235501
0.233609
0.23173
0.229864
0.22801
0.226169
0.22434
0.222523
0.220718
0.218924
0.217143
0.215373
0.213615
0.211867
0.210132
0.208407
0.206694
0.204991
0.2033
0.201619
0.199949
0.198291
0.196643
0.195006
0.193379
0.191764
0.19016
0.188566
0.186984
0.185412
0.183852
0.182302
0.180764
0.179238
0.177722
0.176219
0.174726
0.173246
0.171777
0.170321
0.168876
0.167443
0.166023
0.164614
0.163217
0.161833
0.16046
0.1591
0.157751
0.156413
0.155088
0.153773
0.152469
0.151176
0.149893
0.14862
0.147356
0.146102
0.144857
0.14362
0.142391
0.141169
0.139955
0.138747
0.137546
0.136351
0.135161
0.133977
0.132797
0.131623
0.130452
0.129286
0.128123
0.126965
0.125809
0.124657
0.123508
0.122362
0.121219
0.120079
0.118941
0.117806
0.116674
0.115544
0.114417
0.113291
0.112169
0.111049
0.109931
0.108815
0.107702
0.10659
0.105482
0.104375
0.103271
0.102169
0.10107
0.0999726
0.098878
0.0977859
0.0966963
0.0956093
0.094525
0.0934434
0.0923646
0.0912887
0.0902157
0.0891456
0.0880785
0.0870145
0.0859535
0.0848955
0.0838405
0.0827886
0.0817396
0.0806935
0.0796502
0.0786096
0.0775717
0.0765363
0.0755033
0.0744726
0.0734439
0.0724173
0.0713925
0.0703694
0.0693478
0.0683276
0.0673087
0.0662909
0.0652741
0.0642582
0.063243
0.0622285
0.0612146
0.0602012
0.0591881
0.0581754
0.057163
0.0561508
0.0551388
0.0541269
0.0531151
0.0521034
0.0510917
0.0500801
0.0490685
0.048057
0.0470454
0.0460338
0.0450222
0.0440106
0.042999
0.0419874
0.0409758
0.0399641
0.0389524
0.0379408
0.0369291
0.0359174
0.0349057
0.033894
0.0328822
0.0318705
0.0308588
0.029847
0.0288353
0.0278235
0.0268118
0.0258
0.0247883
0.0237765
0.0227647
0.021753
0.0207412
0.0197295
0.0187177
0.0177059
0.0166942
0.0156824
0.0146706
0.0136589
0.0126471
0.0116353
0.0106236
0.0096118
0.00860003
0.00758826
0.0065765
0.00556473
0.00455296
0.00354119
0.00252942
0.00151765
0.00050588
0.51448
0.502905
0.483707
0.461296
0.439924
0.42098
0.404282
0.389663
0.377192
0.366834
0.358322
0.351274
0.345327
0.340194
0.33566
0.331566
0.327799
0.324279
0.320953
0.317782
0.31474
0.311807
0.308967
0.306207
0.303517
0.300889
0.298315
0.29579
0.293309
0.290867
0.288462
0.286089
0.283748
0.281434
0.279148
0.276887
0.274649
0.272434
0.270241
0.268069
0.265916
0.263783
0.261669
0.259572
0.257493
0.255431
0.253385
0.251356
0.249342
0.247344
0.245361
0.243393
0.24144
0.2395
0.237575
0.235663
0.233765
0.23188
0.230009
0.22815
0.226303
0.22447
0.222648
0.220839
0.219042
0.217257
0.215483
0.213721
0.211971
0.210232
0.208504
0.206788
0.205083
0.203388
0.201705
0.200033
0.198372
0.196721
0.195082
0.193453
0.191836
0.190229
0.188633
0.187048
0.185475
0.183912
0.182361
0.180821
0.179292
0.177775
0.176269
0.174775
0.173293
0.171822
0.170364
0.168917
0.167482
0.16606
0.16465
0.163251
0.161865
0.160491
0.159129
0.157778
0.15644
0.155112
0.153796
0.152491
0.151197
0.149913
0.148639
0.147374
0.146119
0.144873
0.143635
0.142405
0.141183
0.139968
0.13876
0.137559
0.136363
0.135173
0.133988
0.132808
0.131633
0.130463
0.129296
0.128133
0.126974
0.125819
0.124666
0.123517
0.122371
0.121228
0.120087
0.118949
0.117814
0.116681
0.115551
0.114424
0.113298
0.112175
0.111055
0.109937
0.108821
0.107707
0.106596
0.105487
0.10438
0.103275
0.102173
0.101073
0.0999758
0.0988808
0.0977883
0.0966983
0.095611
0.0945263
0.0934443
0.0923651
0.0912888
0.0902154
0.089145
0.0880776
0.0870132
0.0859519
0.0848937
0.0838385
0.0827864
0.0817373
0.0806911
0.0796477
0.0786071
0.0775692
0.0765338
0.0755008
0.0744702
0.0734416
0.0724151
0.0713904
0.0703674
0.069346
0.068326
0.0673072
0.0662895
0.0652729
0.0642571
0.0632421
0.0622277
0.0612139
0.0602005
0.0591876
0.058175
0.0571626
0.0561505
0.0551385
0.0541267
0.0531149
0.0521033
0.0510916
0.0500801
0.0490685
0.0480569
0.0470454
0.0460338
0.0450222
0.0440106
0.042999
0.0419874
0.0409758
0.0399641
0.0389525
0.0379408
0.0369291
0.0359174
0.0349057
0.033894
0.0328822
0.0318705
0.0308588
0.029847
0.0288353
0.0278235
0.0268118
0.0258
0.0247883
0.0237765
0.0227647
0.021753
0.0207412
0.0197295
0.0187177
0.0177059
0.0166942
0.0156824
0.0146706
0.0136589
0.0126471
0.0116353
0.0106236
0.0096118
0.00860003
0.00758826
0.0065765
0.00556473
0.00455296
0.00354119
0.00252942
0.00151765
0.000505876
0.485936
0.47915
0.466839
0.450865
0.434182
0.418569
0.404436
0.39175
0.380536
0.370824
0.362521
0.355415
0.349264
0.343853
0.339012
0.334614
0.330564
0.326788
0.323233
0.319859
0.316637
0.313542
0.310558
0.307668
0.304862
0.302128
0.299458
0.296847
0.294287
0.291773
0.289303
0.286871
0.284475
0.282112
0.27978
0.277478
0.275202
0.272953
0.270728
0.268526
0.266347
0.264189
0.262051
0.259934
0.257835
0.255755
0.253693
0.251648
0.24962
0.247609
0.245614
0.243634
0.24167
0.23972
0.237786
0.235865
0.233959
0.232067
0.230188
0.228322
0.226469
0.22463
0.222803
0.220988
0.219186
0.217396
0.215618
0.213852
0.212097
0.210354
0.208623
0.206903
0.205194
0.203497
0.20181
0.200135
0.198471
0.196818
0.195175
0.193544
0.191924
0.190315
0.188717
0.18713
0.185554
0.183989
0.182435
0.180893
0.179362
0.177843
0.176335
0.174839
0.173354
0.171882
0.170421
0.168973
0.167536
0.166112
0.164699
0.163299
0.161911
0.160535
0.159171
0.157819
0.156478
0.155149
0.153831
0.152525
0.151229
0.149943
0.148667
0.147402
0.146145
0.144898
0.143659
0.142428
0.141205
0.139989
0.13878
0.137577
0.136381
0.13519
0.134004
0.132824
0.131648
0.130477
0.12931
0.128147
0.126987
0.125831
0.124678
0.123529
0.122382
0.121239
0.120098
0.11896
0.117824
0.116692
0.115561
0.114433
0.113308
0.112184
0.111064
0.109945
0.108829
0.107715
0.106603
0.105494
0.104387
0.103282
0.102179
0.101079
0.0999812
0.0988857
0.0977927
0.0967023
0.0956144
0.0945292
0.0934467
0.0923671
0.0912903
0.0902164
0.0891455
0.0880777
0.0870129
0.0859513
0.0848927
0.0838372
0.0827848
0.0817354
0.080689
0.0796455
0.0786048
0.0775668
0.0765314
0.0754985
0.0744678
0.0734394
0.0724129
0.0713883
0.0703655
0.0693442
0.0683243
0.0673056
0.0662881
0.0652716
0.064256
0.0632411
0.0622268
0.0612131
0.0601999
0.059187
0.0581745
0.0571622
0.0561502
0.0551383
0.0541265
0.0531148
0.0521031
0.0510915
0.05008
0.0490684
0.0480569
0.0470454
0.0460338
0.0450222
0.0440106
0.042999
0.0419874
0.0409758
0.0399641
0.0389525
0.0379408
0.0369291
0.0359174
0.0349057
0.033894
0.0328822
0.0318705
0.0308588
0.029847
0.0288353
0.0278235
0.0268118
0.0258
0.0247883
0.0237765
0.0227647
0.021753
0.0207412
0.0197295
0.0187177
0.0177059
0.0166942
0.0156824
0.0146706
0.0136589
0.0126471
0.0116353
0.0106236
0.0096118
0.00860003
0.00758826
0.00657649
0.00556473
0.00455296
0.00354119
0.00252942
0.00151764
0.000505871
0.464785
0.46033
0.451985
0.440516
0.427693
0.415013
0.403134
0.392204
0.382265
0.373366
0.365497
0.358562
0.352416
0.346913
0.341928
0.337362
0.333138
0.329191
0.325475
0.32195
0.318586
0.31536
0.312252
0.309249
0.306336
0.303503
0.300742
0.298045
0.295405
0.292819
0.29028
0.287785
0.285331
0.282914
0.280533
0.278184
0.275866
0.273576
0.271315
0.269079
0.266868
0.264681
0.262517
0.260374
0.258252
0.256151
0.254068
0.252005
0.24996
0.247932
0.245922
0.243928
0.241951
0.239989
0.238043
0.236112
0.234196
0.232294
0.230406
0.228532
0.226672
0.224825
0.222991
0.22117
0.219362
0.217566
0.215782
0.214011
0.212251
0.210504
0.208768
0.207044
0.205331
0.20363
0.20194
0.200261
0.198594
0.196937
0.195292
0.193658
0.192035
0.190423
0.188822
0.187233
0.185654
0.184087
0.182531
0.180987
0.179454
0.177932
0.176422
0.174924
0.173437
0.171963
0.1705
0.169049
0.167611
0.166184
0.16477
0.163367
0.161977
0.160599
0.159233
0.157878
0.156535
0.155204
0.153884
0.152575
0.151277
0.149989
0.148712
0.147444
0.146185
0.144936
0.143695
0.142462
0.141237
0.14002
0.138809
0.137605
0.136407
0.135215
0.134028
0.132847
0.13167
0.130498
0.12933
0.128166
0.127006
0.125849
0.124696
0.123545
0.122398
0.121254
0.120113
0.118975
0.117839
0.116706
0.115575
0.114447
0.113321
0.112197
0.111076
0.109957
0.108841
0.107727
0.106615
0.105505
0.104397
0.103292
0.102189
0.101089
0.0999902
0.0988943
0.0978008
0.0967098
0.0956214
0.0945356
0.0934526
0.0923723
0.0912949
0.0902204
0.089149
0.0880806
0.0870152
0.085953
0.084894
0.083838
0.0827852
0.0817355
0.0806887
0.0796449
0.078604
0.0775658
0.0765302
0.0754971
0.0744664
0.0734379
0.0724114
0.0713869
0.070364
0.0693428
0.068323
0.0673044
0.066287
0.0652706
0.064255
0.0632402
0.0622261
0.0612125
0.0601993
0.0591865
0.0581741
0.0571619
0.0561499
0.055138
0.0541263
0.0531146
0.052103
0.0510915
0.0500799
0.0490684
0.0480569
0.0470453
0.0460338
0.0450222
0.0440106
0.0429991
0.0419874
0.0409758
0.0399642
0.0389525
0.0379408
0.0369291
0.0359174
0.0349057
0.033894
0.0328823
0.0318705
0.0308588
0.029847
0.0288353
0.0278235
0.0268118
0.0258
0.0247883
0.0237765
0.0227647
0.021753
0.0207412
0.0197295
0.0187177
0.0177059
0.0166942
0.0156824
0.0146706
0.0136589
0.0126471
0.0116353
0.0106236
0.0096118
0.00860003
0.00758826
0.00657649
0.00556472
0.00455295
0.00354118
0.00252941
0.00151763
0.000505864
0.448527
0.445403
0.439485
0.431088
0.421219
0.410968
0.401001
0.391583
0.382806
0.374732
0.36739
0.360756
0.354754
0.349294
0.344288
0.339662
0.335353
0.331312
0.327495
0.323869
0.320405
0.317081
0.31388
0.310786
0.307786
0.304871
0.302032
0.299261
0.296552
0.2939
0.291299
0.288746
0.286237
0.28377
0.28134
0.278946
0.276586
0.274258
0.271959
0.269689
0.267446
0.265229
0.263037
0.260868
0.258721
0.256597
0.254493
0.25241
0.250346
0.248301
0.246274
0.244265
0.242274
0.240299
0.23834
0.236397
0.234469
0.232557
0.230659
0.228776
0.226907
0.225052
0.22321
0.221382
0.219567
0.217765
0.215975
0.214198
0.212433
0.21068
0.20894
0.207211
0.205494
0.203788
0.202094
0.200412
0.198741
0.197081
0.195433
0.193795
0.19217
0.190555
0.188951
0.187359
0.185778
0.184209
0.18265
0.181104
0.179568
0.178045
0.176532
0.175032
0.173543
0.172067
0.170602
0.169149
0.167708
0.166279
0.164863
0.163458
0.162065
0.160685
0.159316
0.157959
0.156614
0.15528
0.153957
0.152645
0.151344
0.150054
0.148774
0.147503
0.146242
0.14499
0.143746
0.142511
0.141284
0.140064
0.138851
0.137645
0.136445
0.135251
0.134062
0.132879
0.131701
0.130527
0.129358
0.128192
0.127031
0.125873
0.124719
0.123568
0.12242
0.121275
0.120133
0.118994
0.117858
0.116724
0.115593
0.114465
0.113338
0.112215
0.111093
0.109974
0.108857
0.107743
0.106631
0.10552
0.104413
0.103307
0.102204
0.101103
0.100004
0.0989075
0.0978135
0.096722
0.095633
0.0945467
0.093463
0.0923821
0.091304
0.0902288
0.0891567
0.0880876
0.0870216
0.0859587
0.084899
0.0838424
0.082789
0.0817386
0.0806914
0.0796471
0.0786057
0.0775671
0.0765312
0.0754978
0.0744668
0.0734381
0.0724115
0.0713868
0.0703638
0.0693425
0.0683226
0.067304
0.0662866
0.0652701
0.0642546
0.0632398
0.0622257
0.0612121
0.060199
0.0591863
0.0581739
0.0571617
0.0561497
0.0551379
0.0541262
0.0531145
0.052103
0.0510914
0.0500799
0.0490684
0.0480569
0.0470453
0.0460338
0.0450222
0.0440107
0.0429991
0.0419874
0.0409758
0.0399642
0.0389525
0.0379408
0.0369291
0.0359174
0.0349057
0.033894
0.0328823
0.0318705
0.0308588
0.029847
0.0288353
0.0278235
0.0268118
0.0258
0.0247883
0.0237765
0.0227648
0.021753
0.0207412
0.0197295
0.0187177
0.0177059
0.0166942
0.0156824
0.0146706
0.0136589
0.0126471
0.0116353
0.0106236
0.0096118
0.00860003
0.00758826
0.00657649
0.00556472
0.00455295
0.00354117
0.0025294
0.00151762
0.000505855
0.435718
0.43343
0.429067
0.422748
0.415059
0.406746
0.398378
0.390256
0.382514
0.375229
0.36845
0.362189
0.356419
0.35109
0.346146
0.341533
0.337205
0.333122
0.329251
0.325562
0.32203
0.318637
0.315366
0.312203
0.309136
0.306155
0.303252
0.30042
0.297652
0.294944
0.29229
0.289686
0.287129
0.284616
0.282143
0.279709
0.27731
0.274946
0.272613
0.270311
0.268038
0.265793
0.263574
0.26138
0.25921
0.257064
0.254939
0.252837
0.250754
0.248692
0.246649
0.244625
0.242619
0.24063
0.238659
0.236704
0.234765
0.232842
0.230935
0.229042
0.227164
0.225301
0.223451
0.221616
0.219793
0.217984
0.216188
0.214405
0.212635
0.210877
0.209131
0.207398
0.205676
0.203966
0.202268
0.200582
0.198907
0.197244
0.195593
0.193952
0.192323
0.190706
0.1891
0.187505
0.185922
0.18435
0.182789
0.18124
0.179703
0.178177
0.176663
0.17516
0.17367
0.172191
0.170724
0.169269
0.167826
0.166395
0.164975
0.163568
0.162173
0.16079
0.159419
0.158059
0.156711
0.155374
0.154048
0.152734
0.15143
0.150136
0.148852
0.147579
0.146314
0.145059
0.143812
0.142574
0.141344
0.140121
0.138905
0.137696
0.136494
0.135297
0.134106
0.132921
0.13174
0.130565
0.129393
0.128226
0.127063
0.125904
0.124749
0.123597
0.122448
0.121302
0.120159
0.119019
0.117882
0.116748
0.115616
0.114487
0.11336
0.112236
0.111115
0.109995
0.108878
0.107763
0.106651
0.10554
0.104432
0.103326
0.102223
0.101121
0.100022
0.0989254
0.097831
0.096739
0.0956496
0.0945626
0.0934784
0.0923968
0.0913181
0.0902422
0.0891693
0.0880995
0.0870327
0.0859691
0.0849086
0.0838512
0.082797
0.081746
0.080698
0.079653
0.078611
0.0775718
0.0765353
0.0755014
0.0744699
0.0734407
0.0724137
0.0713886
0.0703654
0.0693438
0.0683237
0.0673049
0.0662873
0.0652707
0.064255
0.0632402
0.062226
0.0612123
0.0601992
0.0591864
0.0581739
0.0571618
0.0561498
0.0551379
0.0541262
0.0531146
0.052103
0.0510914
0.0500799
0.0490684
0.0480569
0.0470453
0.0460338
0.0450222
0.0440107
0.0429991
0.0419875
0.0409758
0.0399642
0.0389525
0.0379408
0.0369291
0.0359174
0.0349057
0.033894
0.0328823
0.0318705
0.0308588
0.029847
0.0288353
0.0278235
0.0268118
0.0258
0.0247883
0.0237765
0.0227648
0.021753
0.0207412
0.0197295
0.0187177
0.0177059
0.0166942
0.0156824
0.0146706
0.0136589
0.0126471
0.0116353
0.0106236
0.0096118
0.00860003
0.00758826
0.00657649
0.00556471
0.00455294
0.00354117
0.0025294
0.00151761
0.000505847
0.42543
0.423693
0.420362
0.415472
0.409376
0.402582
0.395536
0.388521
0.381691
0.375134
0.36891
0.363051
0.357559
0.352413
0.347581
0.34303
0.338727
0.334642
0.330749
0.327027
0.323454
0.320014
0.316692
0.313476
0.310356
0.307323
0.304368
0.301486
0.298669
0.295913
0.293214
0.290567
0.287968
0.285415
0.282905
0.280435
0.278003
0.275606
0.273243
0.270913
0.268613
0.266342
0.264098
0.261882
0.259691
0.257524
0.25538
0.25326
0.251161
0.249082
0.247024
0.244986
0.242966
0.240965
0.238982
0.237016
0.235066
0.233134
0.231216
0.229315
0.227429
0.225557
0.2237
0.221857
0.220028
0.218213
0.216411
0.214622
0.212846
0.211083
0.209332
0.207594
0.205868
0.204155
0.202453
0.200763
0.199085
0.197418
0.195764
0.194121
0.192489
0.190869
0.18926
0.187663
0.186077
0.184503
0.182941
0.18139
0.17985
0.178322
0.176806
0.175302
0.173809
0.172328
0.170859
0.169402
0.167957
0.166524
0.165102
0.163693
0.162295
0.16091
0.159535
0.158173
0.156822
0.155482
0.154153
0.152835
0.151528
0.150231
0.148944
0.147667
0.146399
0.14514
0.14389
0.142649
0.141415
0.140189
0.13897
0.137758
0.136552
0.135353
0.134159
0.132971
0.131788
0.13061
0.129436
0.128267
0.127102
0.125941
0.124784
0.123631
0.12248
0.121333
0.120189
0.119049
0.117911
0.116775
0.115643
0.114513
0.113386
0.112261
0.111139
0.110019
0.108902
0.107787
0.106674
0.105563
0.104455
0.103349
0.102245
0.101144
0.100044
0.0989471
0.0978524
0.0967601
0.0956702
0.0945828
0.0934981
0.092416
0.0913367
0.0902602
0.0891867
0.0881161
0.0870486
0.0859841
0.0849228
0.0838646
0.0828096
0.0817577
0.0807089
0.0796631
0.0786202
0.0775802
0.0765429
0.0755083
0.0744761
0.0734463
0.0724187
0.071393
0.0703692
0.0693472
0.0683266
0.0673074
0.0662895
0.0652726
0.0642567
0.0632416
0.0622271
0.0612133
0.0602
0.0591871
0.0581745
0.0571622
0.0561502
0.0551383
0.0541265
0.0531148
0.0521032
0.0510916
0.05008
0.0490685
0.048057
0.0470454
0.0460339
0.0450223
0.0440107
0.0429991
0.0419875
0.0409758
0.0399642
0.0389525
0.0379408
0.0369291
0.0359174
0.0349057
0.033894
0.0328823
0.0318705
0.0308588
0.029847
0.0288353
0.0278235
0.0268118
0.0258
0.0247883
0.0237765
0.0227648
0.021753
0.0207412
0.0197295
0.0187177
0.0177059
0.0166942
0.0156824
0.0146706
0.0136589
0.0126471
0.0116353
0.0106236
0.0096118
0.00860003
0.00758826
0.00657649
0.00556471
0.00455294
0.00354116
0.00252939
0.00151761
0.000505844
0.417047
0.415686
0.413065
0.409182
0.404259
0.398645
0.392676
0.386597
0.380558
0.374655
0.368951
0.363491
0.358292
0.353355
0.348667
0.344209
0.33996
0.335901
0.332014
0.328281
0.324686
0.321217
0.31786
0.314606
0.311446
0.308371
0.305375
0.30245
0.299593
0.296797
0.294058
0.291374
0.288739
0.286152
0.283609
0.281107
0.278645
0.27622
0.27383
0.271474
0.26915
0.266856
0.264592
0.262355
0.260144
0.257959
0.255799
0.253662
0.251548
0.249455
0.247383
0.245332
0.243301
0.241288
0.239294
0.237317
0.235358
0.233416
0.231491
0.229581
0.227687
0.225808
0.223944
0.222095
0.22026
0.218438
0.216631
0.214837
0.213056
0.211288
0.209533
0.207791
0.206061
0.204344
0.202638
0.200945
0.199264
0.197595
0.195937
0.194291
0.192657
0.191035
0.189424
0.187824
0.186237
0.184661
0.183096
0.181543
0.180002
0.178472
0.176955
0.175448
0.173954
0.172471
0.171001
0.169542
0.168094
0.166659
0.165236
0.163824
0.162424
0.161036
0.159659
0.158294
0.15694
0.155597
0.154265
0.152944
0.151634
0.150333
0.149043
0.147762
0.146491
0.145229
0.143975
0.14273
0.141493
0.140263
0.139041
0.137825
0.136617
0.135414
0.134217
0.133026
0.131841
0.13066
0.129484
0.128313
0.127146
0.125983
0.124824
0.123669
0.122517
0.121368
0.120223
0.119081
0.117942
0.116806
0.115673
0.114542
0.113414
0.112289
0.111166
0.110046
0.108928
0.107813
0.106699
0.105589
0.10448
0.103374
0.10227
0.101168
0.100068
0.0989711
0.0978762
0.0967836
0.0956935
0.0946059
0.0935208
0.0924384
0.0913586
0.0902817
0.0892076
0.0881364
0.0870682
0.0860031
0.084941
0.0838821
0.0828262
0.0817734
0.0807237
0.079677
0.0786332
0.0775923
0.0765541
0.0755186
0.0744856
0.0734549
0.0724265
0.0714001
0.0703756
0.0693528
0.0683316
0.0673119
0.0662934
0.065276
0.0642597
0.0632442
0.0622294
0.0612153
0.0602017
0.0591885
0.0581757
0.0571633
0.056151
0.055139
0.0541271
0.0531153
0.0521036
0.0510919
0.0500803
0.0490687
0.0480571
0.0470456
0.046034
0.0450224
0.0440108
0.0429992
0.0419875
0.0409759
0.0399642
0.0389525
0.0379409
0.0369292
0.0359174
0.0349057
0.033894
0.0328823
0.0318705
0.0308588
0.029847
0.0288353
0.0278235
0.0268118
0.0258
0.0247883
0.0237765
0.0227648
0.021753
0.0207412
0.0197295
0.0187177
0.0177059
0.0166942
0.0156824
0.0146706
0.0136589
0.0126471
0.0116353
0.0106236
0.0096118
0.00860003
0.00758826
0.00657649
0.00556471
0.00455294
0.00354116
0.00252939
0.00151761
0.000505847
0.410146
0.409051
0.406935
0.403779
0.399729
0.395028
0.389928
0.384628
0.379266
0.373937
0.368707
0.363623
0.358715
0.353997
0.349468
0.345121
0.340948
0.336935
0.333071
0.329345
0.325745
0.32226
0.318882
0.315601
0.31241
0.309303
0.306273
0.303314
0.300422
0.297592
0.294821
0.292104
0.289438
0.28682
0.284248
0.281719
0.279231
0.276781
0.274367
0.271988
0.269643
0.267329
0.265045
0.26279
0.260562
0.258361
0.256185
0.254034
0.251906
0.2498
0.247717
0.245654
0.243612
0.241589
0.239585
0.237599
0.235632
0.233682
0.231748
0.229831
0.22793
0.226045
0.224175
0.22232
0.220479
0.218653
0.21684
0.215042
0.213256
0.211484
0.209726
0.20798
0.206246
0.204525
0.202817
0.201121
0.199437
0.197765
0.196105
0.194457
0.19282
0.191196
0.189583
0.187982
0.186392
0.184815
0.183248
0.181694
0.180151
0.17862
0.177101
0.175593
0.174097
0.172613
0.17114
0.16968
0.168231
0.166794
0.165368
0.163955
0.162553
0.161162
0.159783
0.158415
0.157059
0.155713
0.154378
0.153054
0.151741
0.150437
0.149143
0.147859
0.146585
0.145319
0.144062
0.142813
0.141573
0.14034
0.139114
0.137895
0.136684
0.135478
0.134278
0.133084
0.131896
0.130713
0.129535
0.128361
0.127192
0.126027
0.124866
0.123709
0.122555
0.121405
0.120259
0.119115
0.117975
0.116838
0.115704
0.114572
0.113443
0.112317
0.111194
0.110073
0.108955
0.107839
0.106725
0.105614
0.104506
0.103399
0.102295
0.101193
0.100093
0.0989958
0.0979008
0.0968082
0.0957179
0.0946302
0.0935449
0.0924623
0.0913823
0.090305
0.0892306
0.088159
0.0870903
0.0860246
0.0849619
0.0839022
0.0828456
0.081792
0.0807415
0.0796939
0.0786492
0.0776073
0.0765682
0.0755317
0.0744977
0.0734661
0.0724368
0.0714095
0.0703842
0.0693606
0.0683386
0.0673182
0.066299
0.065281
0.0642641
0.063248
0.0622328
0.0612182
0.0602042
0.0591907
0.0581776
0.0571649
0.0561524
0.0551401
0.054128
0.0531161
0.0521042
0.0510925
0.0500808
0.0490691
0.0480574
0.0470458
0.0460342
0.0450225
0.0440109
0.0429993
0.0419876
0.0409759
0.0399643
0.0389526
0.0379409
0.0369292
0.0359175
0.0349057
0.033894
0.0328823
0.0318705
0.0308588
0.029847
0.0288353
0.0278235
0.0268118
0.0258
0.0247883
0.0237765
0.0227648
0.021753
0.0207412
0.0197295
0.0187177
0.0177059
0.0166942
0.0156824
0.0146706
0.0136589
0.0126471
0.0116353
0.0106236
0.0096118
0.00860003
0.00758826
0.00657649
0.00556472
0.00455294
0.00354117
0.0025294
0.00151762
0.000505857
0.404434
0.403532
0.401784
0.399163
0.395768
0.391774
0.387368
0.38271
0.377921
0.373089
0.368279
0.363541
0.35891
0.354407
0.350041
0.345816
0.341729
0.337775
0.333948
0.330241
0.326647
0.323158
0.319767
0.316469
0.313256
0.310124
0.307067
0.304081
0.30116
0.298302
0.295502
0.292758
0.290065
0.287421
0.284823
0.28227
0.279758
0.277286
0.274851
0.272453
0.270088
0.267756
0.265455
0.263184
0.260941
0.258725
0.256536
0.254371
0.252231
0.250114
0.24802
0.245947
0.243895
0.241863
0.23985
0.237857
0.235882
0.233924
0.231984
0.23006
0.228153
0.226262
0.224387
0.222526
0.220681
0.21885
0.217033
0.21523
0.213441
0.211666
0.209904
0.208154
0.206418
0.204694
0.202983
0.201284
0.199598
0.197924
0.196262
0.194611
0.192973
0.191347
0.189732
0.188129
0.186538
0.184959
0.183392
0.181836
0.180292
0.178759
0.177239
0.17573
0.174232
0.172747
0.171273
0.169811
0.16836
0.166922
0.165495
0.164079
0.162675
0.161283
0.159901
0.158531
0.157172
0.155824
0.154487
0.15316
0.151844
0.150537
0.149241
0.147954
0.146676
0.145407
0.144147
0.142895
0.141651
0.140415
0.139186
0.137964
0.13675
0.135541
0.134339
0.133142
0.131951
0.130765
0.129585
0.128409
0.127237
0.12607
0.124907
0.123748
0.122593
0.121442
0.120294
0.119149
0.118008
0.116869
0.115734
0.114602
0.113472
0.112346
0.111222
0.1101
0.108981
0.107865
0.106751
0.10564
0.10453
0.103424
0.102319
0.101217
0.100118
0.0990201
0.0979251
0.0968324
0.0957421
0.0946543
0.093569
0.0924863
0.0914062
0.0903288
0.0892541
0.0881822
0.0871132
0.0860471
0.0849839
0.0839237
0.0828665
0.0818122
0.0807609
0.0797125
0.078667
0.0776242
0.0765842
0.0755467
0.0745118
0.0734792
0.0724489
0.0714207
0.0703944
0.06937
0.0683472
0.0673259
0.0663059
0.0652872
0.0642696
0.0632529
0.0622371
0.061222
0.0602075
0.0591936
0.0581801
0.057167
0.0561542
0.0551417
0.0541293
0.0531172
0.0521052
0.0510932
0.0500814
0.0490696
0.0480579
0.0470462
0.0460345
0.0450228
0.0440111
0.0429994
0.0419877
0.040976
0.0399643
0.0389526
0.0379409
0.0369292
0.0359175
0.0349058
0.033894
0.0328823
0.0318705
0.0308588
0.0298471
0.0288353
0.0278235
0.0268118
0.0258
0.0247883
0.0237765
0.0227648
0.021753
0.0207412
0.0197295
0.0187177
0.0177059
0.0166942
0.0156824
0.0146706
0.0136589
0.0126471
0.0116353
0.0106236
0.0096118
0.00860003
0.00758826
0.00657649
0.00556472
0.00455295
0.00354118
0.0025294
0.00151763
0.000505869
0.399698
0.398938
0.397463
0.395243
0.392344
0.388897
0.385043
0.38091
0.376599
0.372191
0.367748
0.36332
0.358943
0.354644
0.350438
0.346335
0.342339
0.33845
0.334668
0.330988
0.327408
0.323923
0.320529
0.31722
0.313992
0.310842
0.307764
0.304755
0.301811
0.298929
0.296106
0.293337
0.290621
0.287954
0.285335
0.28276
0.280228
0.277736
0.275283
0.272867
0.270485
0.268137
0.265821
0.263535
0.261279
0.25905
0.256849
0.254673
0.252522
0.250395
0.248291
0.246209
0.244148
0.242108
0.240088
0.238087
0.236105
0.234142
0.232195
0.230266
0.228354
0.226458
0.224577
0.222712
0.220863
0.219028
0.217207
0.215401
0.213608
0.21183
0.210064
0.208312
0.206573
0.204847
0.203133
0.201432
0.199744
0.198068
0.196404
0.194752
0.193112
0.191484
0.189868
0.188264
0.186672
0.185091
0.183522
0.181965
0.18042
0.178887
0.177365
0.175855
0.174356
0.172869
0.171394
0.169931
0.168479
0.167039
0.165611
0.164193
0.162788
0.161393
0.16001
0.158638
0.157277
0.155927
0.154587
0.153258
0.151939
0.15063
0.149331
0.148041
0.146761
0.145489
0.144226
0.142971
0.141724
0.140485
0.139254
0.138029
0.136812
0.135601
0.134396
0.133197
0.132003
0.130815
0.129632
0.128454
0.127281
0.126112
0.124947
0.123787
0.12263
0.121477
0.120328
0.119182
0.118039
0.1169
0.115764
0.11463
0.1135
0.112373
0.111248
0.110126
0.109006
0.10789
0.106775
0.105663
0.104554
0.103447
0.102342
0.10124
0.10014
0.099043
0.0979479
0.0968552
0.095765
0.0946772
0.0935919
0.0925092
0.0914291
0.0903516
0.0892769
0.0882049
0.0871357
0.0860693
0.0850058
0.0839451
0.0828874
0.0818326
0.0807807
0.0797316
0.0786853
0.0776418
0.0766009
0.0755626
0.0745267
0.0734932
0.072462
0.0714328
0.0704056
0.0693803
0.0683566
0.0673344
0.0663137
0.0652942
0.0642758
0.0632585
0.062242
0.0612264
0.0602113
0.0591969
0.058183
0.0571695
0.0561564
0.0551435
0.0541309
0.0531185
0.0521063
0.0510942
0.0500822
0.0490703
0.0480584
0.0470466
0.0460348
0.0450231
0.0440113
0.0429996
0.0419879
0.0409762
0.0399644
0.0389527
0.037941
0.0369293
0.0359175
0.0349058
0.0338941
0.0328823
0.0318706
0.0308588
0.0298471
0.0288353
0.0278236
0.0268118
0.0258
0.0247883
0.0237765
0.0227648
0.021753
0.0207412
0.0197295
0.0187177
0.0177059
0.0166942
0.0156824
0.0146706
0.0136589
0.0126471
0.0116353
0.0106236
0.0096118
0.00860003
0.00758827
0.0065765
0.00556473
0.00455296
0.00354119
0.00252941
0.00151764
0.000505883
0.395781
0.395128
0.393858
0.39194
0.38942
0.386396
0.38298
0.379271
0.375356
0.371305
0.367177
0.363019
0.358869
0.354756
0.3507
0.346714
0.342808
0.338987
0.335252
0.331605
0.328044
0.324569
0.321175
0.317862
0.314625
0.311461
0.308367
0.305341
0.302378
0.299476
0.296633
0.293844
0.291108
0.288422
0.285784
0.283191
0.280641
0.278132
0.275663
0.273231
0.270835
0.268473
0.266143
0.263845
0.261577
0.259337
0.257125
0.254939
0.252778
0.250642
0.24853
0.24644
0.244372
0.242324
0.240298
0.238291
0.236303
0.234333
0.232382
0.230448
0.22853
0.22663
0.224745
0.222876
0.221023
0.219184
0.217361
0.215551
0.213756
0.211974
0.210206
0.208452
0.20671
0.204982
0.203267
0.201564
0.199873
0.198195
0.19653
0.194877
0.193235
0.191606
0.189989
0.188383
0.18679
0.185208
0.183639
0.182081
0.180534
0.179
0.177477
0.175966
0.174466
0.172979
0.171503
0.170038
0.168585
0.167144
0.165714
0.164296
0.162888
0.161493
0.160108
0.158734
0.157371
0.156019
0.154677
0.153346
0.152025
0.150714
0.149412
0.14812
0.146837
0.145563
0.144297
0.14304
0.141791
0.140549
0.139315
0.138088
0.136868
0.135655
0.134448
0.133246
0.132051
0.130861
0.129676
0.128496
0.127321
0.12615
0.124984
0.123822
0.122664
0.121509
0.120359
0.119212
0.118068
0.116928
0.115791
0.114657
0.113526
0.112397
0.111272
0.110149
0.109029
0.107912
0.106797
0.105685
0.104576
0.103468
0.102364
0.101261
0.100161
0.0990639
0.0979688
0.0968761
0.0957859
0.0946982
0.093613
0.0925303
0.0914502
0.0903728
0.089298
0.0882259
0.0871566
0.0860901
0.0850264
0.0839655
0.0829074
0.0818521
0.0807997
0.0797501
0.0787031
0.0776589
0.0766173
0.0755782
0.0745415
0.0735072
0.0724751
0.0714451
0.070417
0.0693908
0.0683663
0.0673433
0.0663217
0.0653015
0.0642824
0.0632644
0.0622473
0.061231
0.0602155
0.0592005
0.0581862
0.0571723
0.0561588
0.0551456
0.0541327
0.05312
0.0521076
0.0510953
0.0500831
0.049071
0.0480591
0.0470471
0.0460353
0.0450234
0.0440116
0.0429998
0.0419881
0.0409763
0.0399646
0.0389528
0.0379411
0.0369293
0.0359176
0.0349058
0.0338941
0.0328823
0.0318706
0.0308588
0.0298471
0.0288353
0.0278236
0.0268118
0.0258
0.0247883
0.0237765
0.0227648
0.021753
0.0207412
0.0197295
0.0187177
0.0177059
0.0166942
0.0156824
0.0146706
0.0136589
0.0126471
0.0116353
0.0106236
0.0096118
0.00860004
0.00758827
0.0065765
0.00556473
0.00455296
0.00354119
0.00252942
0.00151765
0.000505896
0.392567
0.391995
0.390879
0.389189
0.386959
0.384263
0.381191
0.377822
0.374229
0.370474
0.36661
0.362684
0.358732
0.354784
0.350863
0.346985
0.343164
0.339407
0.33572
0.332106
0.328568
0.325105
0.321716
0.318402
0.315159
0.311987
0.308881
0.305841
0.302864
0.299946
0.297086
0.294281
0.291528
0.288826
0.286171
0.283563
0.280998
0.278475
0.275991
0.273546
0.271137
0.268763
0.266422
0.264113
0.261834
0.259585
0.257363
0.255169
0.253
0.250856
0.248736
0.246639
0.244565
0.242511
0.240479
0.238466
0.236473
0.234499
0.232543
0.230604
0.228683
0.226779
0.224891
0.223018
0.221162
0.21932
0.217493
0.215681
0.213883
0.212099
0.210329
0.208573
0.206829
0.205099
0.203382
0.201677
0.199985
0.198306
0.196639
0.194984
0.193342
0.191712
0.190093
0.188487
0.186893
0.18531
0.183739
0.18218
0.180633
0.179098
0.177574
0.176062
0.174562
0.173073
0.171596
0.170131
0.168677
0.167235
0.165804
0.164384
0.162976
0.161579
0.160192
0.158817
0.157453
0.156099
0.154756
0.153423
0.1521
0.150786
0.149483
0.148189
0.146904
0.145627
0.14436
0.1431
0.141849
0.140606
0.139369
0.13814
0.136918
0.135703
0.134493
0.13329
0.132093
0.130901
0.129714
0.128533
0.127356
0.126184
0.125017
0.123853
0.122694
0.121538
0.120387
0.119239
0.118094
0.116953
0.115815
0.11468
0.113548
0.112419
0.111293
0.11017
0.10905
0.107932
0.106817
0.105705
0.104595
0.103487
0.102382
0.10128
0.10018
0.0990824
0.0979873
0.0968947
0.0958045
0.0947168
0.0936317
0.0925491
0.0914691
0.0903917
0.0893169
0.0882448
0.0871755
0.0861088
0.085045
0.0839839
0.0829255
0.0818699
0.0808171
0.079767
0.0787196
0.0776748
0.0766325
0.0755928
0.0745554
0.0735204
0.0724875
0.0714567
0.0704278
0.0694008
0.0683755
0.0673518
0.0663295
0.0653086
0.0642888
0.0632702
0.0622525
0.0612356
0.0602196
0.0592042
0.0581893
0.057175
0.0561612
0.0551477
0.0541345
0.0531216
0.0521089
0.0510964
0.050084
0.0490718
0.0480597
0.0470477
0.0460357
0.0450238
0.0440119
0.0430001
0.0419883
0.0409765
0.0399647
0.0389529
0.0379412
0.0369294
0.0359176
0.0349059
0.0338941
0.0328824
0.0318706
0.0308588
0.0298471
0.0288353
0.0278236
0.0268118
0.0258
0.0247883
0.0237765
0.0227648
0.021753
0.0207412
0.0197295
0.0187177
0.0177059
0.0166942
0.0156824
0.0146706
0.0136589
0.0126471
0.0116353
0.0106236
0.00961181
0.00860004
0.00758827
0.00657651
0.00556474
0.00455297
0.0035412
0.00252943
0.00151767
0.000505907
0.389969
0.389456
0.388457
0.38694
0.384929
0.382486
0.37968
0.37658
0.373245
0.36973
0.366084
0.362351
0.358565
0.354759
0.350955
0.347173
0.343428
0.33973
0.336088
0.332506
0.32899
0.325541
0.32216
0.318847
0.315602
0.312423
0.30931
0.306259
0.30327
0.30034
0.297466
0.294648
0.291882
0.289166
0.286498
0.283877
0.281299
0.278764
0.276269
0.273812
0.271392
0.269008
0.266657
0.264339
0.262052
0.259794
0.257565
0.255363
0.253187
0.251037
0.248911
0.246808
0.244728
0.242669
0.240632
0.238615
0.236617
0.234639
0.232679
0.230737
0.228812
0.226904
0.225013
0.223138
0.221279
0.219435
0.217605
0.215791
0.213991
0.212205
0.210433
0.208675
0.20693
0.205198
0.203479
0.201773
0.20008
0.198399
0.196731
0.195076
0.193432
0.191801
0.190181
0.188574
0.186979
0.185396
0.183824
0.182265
0.180717
0.179181
0.177656
0.176144
0.174643
0.173153
0.171676
0.170209
0.168755
0.167311
0.16588
0.164459
0.16305
0.161651
0.160264
0.158888
0.157522
0.156167
0.154822
0.153487
0.152163
0.150848
0.149543
0.148247
0.14696
0.145682
0.144413
0.143152
0.141899
0.140653
0.139415
0.138185
0.136961
0.135744
0.134533
0.133328
0.132129
0.130936
0.129748
0.128565
0.127387
0.126213
0.125045
0.12388
0.12272
0.121563
0.120411
0.119262
0.118116
0.116974
0.115836
0.1147
0.113568
0.112438
0.111312
0.110188
0.109068
0.10795
0.106834
0.105721
0.104611
0.103504
0.102399
0.101296
0.100196
0.0990984
0.0980032
0.0969106
0.0958205
0.0947329
0.0936478
0.0925653
0.0914853
0.090408
0.0893333
0.0882612
0.0871918
0.0861251
0.0850611
0.0839999
0.0829413
0.0818855
0.0808324
0.0797819
0.0787341
0.0776888
0.076646
0.0756057
0.0745678
0.0735321
0.0724986
0.0714671
0.0704376
0.0694099
0.0683839
0.0673596
0.0663366
0.0653151
0.0642947
0.0632755
0.0622572
0.0612399
0.0602234
0.0592075
0.0581923
0.0571776
0.0561634
0.0551496
0.0541362
0.053123
0.0521101
0.0510975
0.0500849
0.0490726
0.0480604
0.0470482
0.0460362
0.0450242
0.0440122
0.0430003
0.0419885
0.0409766
0.0399648
0.038953
0.0379412
0.0369295
0.0359177
0.0349059
0.0338942
0.0328824
0.0318706
0.0308589
0.0298471
0.0288353
0.0278236
0.0268118
0.0258001
0.0247883
0.0237765
0.0227648
0.021753
0.0207412
0.0197295
0.0187177
0.0177059
0.0166942
0.0156824
0.0146706
0.0136589
0.0126471
0.0116353
0.0106236
0.00961181
0.00860004
0.00758828
0.00657651
0.00556474
0.00455298
0.00354121
0.00252943
0.00151767
0.000505916
0.38792
0.387452
0.386539
0.38515
0.383305
0.381052
0.37845
0.375556
0.372421
0.369096
0.365624
0.362046
0.358397
0.354707
0.351001
0.347299
0.343619
0.339972
0.336369
0.332817
0.329322
0.325886
0.322513
0.319203
0.315958
0.312775
0.309656
0.306598
0.3036
0.30066
0.297776
0.294947
0.29217
0.289443
0.286765
0.284133
0.281545
0.279
0.276495
0.27403
0.271601
0.269209
0.26685
0.264524
0.26223
0.259965
0.25773
0.255522
0.25334
0.251185
0.249053
0.246946
0.244861
0.242798
0.240757
0.238736
0.236735
0.234753
0.23279
0.230845
0.228917
0.227007
0.225113
0.223236
0.221374
0.219528
0.217697
0.215881
0.214079
0.212291
0.210518
0.208758
0.207011
0.205278
0.203558
0.201851
0.200157
0.198475
0.196806
0.19515
0.193505
0.191873
0.190253
0.188645
0.18705
0.185466
0.183894
0.182333
0.180785
0.179248
0.177723
0.17621
0.174708
0.173219
0.17174
0.170273
0.168818
0.167374
0.165941
0.16452
0.16311
0.16171
0.160322
0.158945
0.157578
0.156222
0.154876
0.15354
0.152214
0.150898
0.149592
0.148295
0.147006
0.145727
0.144456
0.143194
0.141939
0.140692
0.139453
0.138221
0.136996
0.135777
0.134565
0.133359
0.132159
0.130964
0.129775
0.128591
0.127412
0.126237
0.125068
0.123902
0.122741
0.121584
0.12043
0.119281
0.118135
0.116992
0.115853
0.114717
0.113584
0.112454
0.111327
0.110203
0.109082
0.107964
0.106848
0.105735
0.104625
0.103517
0.102412
0.101309
0.100209
0.0991116
0.0980165
0.0969239
0.0958338
0.0947462
0.0936612
0.0925787
0.0914988
0.0904215
0.0893468
0.0882748
0.0872054
0.0861387
0.0850746
0.0840132
0.0829545
0.0818985
0.0808451
0.0797944
0.0787462
0.0777006
0.0766574
0.0756166
0.0745782
0.073542
0.0725079
0.0714759
0.0704459
0.0694177
0.0683911
0.0673662
0.0663427
0.0653207
0.0642998
0.0632801
0.0622614
0.0612436
0.0602267
0.0592105
0.0581949
0.0571799
0.0561654
0.0551514
0.0541377
0.0531243
0.0521113
0.0510984
0.0500858
0.0490733
0.0480609
0.0470487
0.0460366
0.0450245
0.0440125
0.0430006
0.0419887
0.0409768
0.039965
0.0389531
0.0379413
0.0369295
0.0359177
0.034906
0.0338942
0.0328824
0.0318706
0.0308589
0.0298471
0.0288353
0.0278236
0.0268118
0.0258001
0.0247883
0.0237765
0.0227648
0.021753
0.0207412
0.0197295
0.0187177
0.0177059
0.0166942
0.0156824
0.0146706
0.0136589
0.0126471
0.0116353
0.0106236
0.00961181
0.00860005
0.00758828
0.00657651
0.00556475
0.00455298
0.00354122
0.00252944
0.00151768
0.000505923
0.386371
0.385936
0.385085
0.38379
0.382063
0.379949
0.377496
0.374755
0.371772
0.368589
0.365249
0.36179
0.358246
0.354647
0.351018
0.347381
0.343753
0.340147
0.336577
0.333049
0.329571
0.326148
0.322782
0.319475
0.31623
0.313046
0.309922
0.306859
0.303854
0.300907
0.298016
0.295178
0.292393
0.289658
0.286972
0.284332
0.281736
0.279183
0.276671
0.274199
0.271764
0.269364
0.267
0.264668
0.262368
0.260098
0.257858
0.255645
0.253459
0.251299
0.249164
0.247053
0.244965
0.242899
0.240854
0.23883
0.236826
0.234842
0.232876
0.230929
0.228999
0.227087
0.225191
0.223312
0.221448
0.2196
0.217768
0.21595
0.214147
0.212358
0.210583
0.208822
0.207075
0.205341
0.20362
0.201912
0.200217
0.198534
0.196865
0.195207
0.193562
0.19193
0.190309
0.188701
0.187104
0.18552
0.183947
0.182386
0.180838
0.1793
0.177775
0.176261
0.174759
0.173269
0.17179
0.170323
0.168867
0.167422
0.165989
0.164567
0.163156
0.161756
0.160367
0.158989
0.157621
0.156264
0.154918
0.153581
0.152254
0.150937
0.14963
0.148331
0.147042
0.145762
0.14449
0.143226
0.14197
0.140723
0.139482
0.138249
0.137023
0.135803
0.13459
0.133383
0.132182
0.130986
0.129796
0.128611
0.127431
0.126256
0.125086
0.123919
0.122758
0.1216
0.120446
0.119296
0.118149
0.117006
0.115866
0.11473
0.113597
0.112467
0.111339
0.110215
0.109094
0.107975
0.106859
0.105746
0.104636
0.103528
0.102423
0.10132
0.10022
0.099122
0.0980269
0.0969343
0.0958442
0.0947567
0.0936717
0.0925893
0.0915094
0.0904322
0.0893575
0.0882855
0.0872161
0.0861493
0.0850852
0.0840238
0.0829649
0.0819088
0.0808552
0.0798042
0.0787558
0.0777099
0.0766664
0.0756253
0.0745865
0.0735499
0.0725154
0.071483
0.0704525
0.0694238
0.0683969
0.0673715
0.0663476
0.0653251
0.0643039
0.0632838
0.0622648
0.0612466
0.0602294
0.0592129
0.058197
0.0571818
0.0561671
0.0551528
0.054139
0.0531254
0.0521122
0.0510992
0.0500864
0.0490739
0.0480614
0.0470491
0.0460369
0.0450248
0.0440128
0.0430008
0.0419888
0.0409769
0.0399651
0.0389532
0.0379414
0.0369296
0.0359178
0.034906
0.0338942
0.0328824
0.0318707
0.0308589
0.0298471
0.0288354
0.0278236
0.0268118
0.0258001
0.0247883
0.0237765
0.0227648
0.021753
0.0207412
0.0197295
0.0187177
0.0177059
0.0166942
0.0156824
0.0146706
0.0136589
0.0126471
0.0116353
0.0106236
0.00961182
0.00860005
0.00758828
0.00657652
0.00556475
0.00455299
0.00354122
0.00252944
0.00151769
0.000505927
0.385288
0.384875
0.384066
0.382834
0.381188
0.379168
0.376818
0.374182
0.371303
0.36822
0.364972
0.361597
0.358128
0.354594
0.351021
0.34743
0.34384
0.340265
0.336719
0.333209
0.329745
0.32633
0.32297
0.319667
0.316422
0.313237
0.310111
0.307044
0.304035
0.301083
0.298186
0.295343
0.292552
0.289812
0.287119
0.284473
0.281872
0.279314
0.276797
0.274319
0.27188
0.269476
0.267107
0.264771
0.262467
0.260194
0.257949
0.255733
0.253544
0.251381
0.249243
0.247129
0.245039
0.24297
0.240923
0.238897
0.236891
0.234905
0.232938
0.230989
0.229057
0.227143
0.225246
0.223366
0.221501
0.219652
0.217818
0.216
0.214195
0.212406
0.21063
0.208868
0.20712
0.205385
0.203664
0.201955
0.200259
0.198576
0.196906
0.195248
0.193603
0.19197
0.190349
0.18874
0.187143
0.185558
0.183985
0.182424
0.180875
0.179338
0.177812
0.176298
0.174796
0.173305
0.171826
0.170358
0.168902
0.167457
0.166023
0.164601
0.163189
0.161789
0.160399
0.159021
0.157652
0.156295
0.154947
0.15361
0.152283
0.150965
0.149657
0.148358
0.147068
0.145786
0.144514
0.143249
0.141993
0.140744
0.139503
0.138269
0.137042
0.135822
0.134608
0.1334
0.132198
0.131002
0.129811
0.128626
0.127445
0.12627
0.125098
0.123932
0.122769
0.121611
0.120457
0.119306
0.118159
0.117016
0.115876
0.114739
0.113606
0.112475
0.111348
0.110224
0.109102
0.107983
0.106867
0.105754
0.104644
0.103536
0.10243
0.101327
0.100227
0.0991296
0.0980344
0.0969419
0.0958518
0.0947643
0.0936793
0.0925969
0.0915171
0.0904399
0.0893652
0.0882932
0.0872238
0.086157
0.0850928
0.0840313
0.0829724
0.0819161
0.0808624
0.0798113
0.0787627
0.0777166
0.0766728
0.0756315
0.0745924
0.0735556
0.0725208
0.0714881
0.0704573
0.0694283
0.0684011
0.0673754
0.0663512
0.0653284
0.0643069
0.0632865
0.0622672
0.0612489
0.0602314
0.0592146
0.0581986
0.0571832
0.0561683
0.0551539
0.0541399
0.0531262
0.0521129
0.0510998
0.050087
0.0490743
0.0480618
0.0470494
0.0460372
0.045025
0.0440129
0.0430009
0.041989
0.040977
0.0399652
0.0389533
0.0379415
0.0369296
0.0359178
0.034906
0.0338942
0.0328825
0.0318707
0.0308589
0.0298471
0.0288354
0.0278236
0.0268118
0.0258001
0.0247883
0.0237765
0.0227648
0.021753
0.0207412
0.0197295
0.0187177
0.0177059
0.0166942
0.0156824
0.0146706
0.0136589
0.0126471
0.0116353
0.0106236
0.00961182
0.00860005
0.00758829
0.00657652
0.00556476
0.00455299
0.00354123
0.00252945
0.00151769
0.00050593
0.384648
0.384247
0.383462
0.382266
0.380668
0.378703
0.376412
0.373838
0.371019
0.367995
0.364803
0.361478
0.358054
0.354559
0.351019
0.347456
0.343889
0.340333
0.336801
0.333303
0.329847
0.326438
0.323082
0.319781
0.316536
0.313351
0.310223
0.307154
0.304143
0.301188
0.298288
0.295442
0.292648
0.289903
0.287208
0.284559
0.281954
0.279393
0.276873
0.274392
0.271949
0.269543
0.267171
0.264833
0.262526
0.260251
0.258004
0.255786
0.253595
0.251431
0.249291
0.247175
0.245083
0.243013
0.240965
0.238938
0.236931
0.234943
0.232975
0.231025
0.229092
0.227178
0.22528
0.223398
0.221533
0.219683
0.217849
0.216029
0.214225
0.212434
0.210658
0.208896
0.207147
0.205412
0.20369
0.201981
0.200285
0.198602
0.196931
0.195273
0.193627
0.191994
0.190373
0.188763
0.187166
0.185581
0.184008
0.182447
0.180898
0.17936
0.177834
0.17632
0.174817
0.173326
0.171847
0.170379
0.168922
0.167477
0.166043
0.164621
0.163209
0.161808
0.160418
0.159039
0.157671
0.156313
0.154965
0.153627
0.152299
0.150981
0.149673
0.148373
0.147083
0.145801
0.144528
0.143263
0.142006
0.140757
0.139515
0.138281
0.137053
0.135833
0.134618
0.13341
0.132208
0.131011
0.12982
0.128634
0.127454
0.126278
0.125106
0.123939
0.122777
0.121618
0.120464
0.119313
0.118166
0.117022
0.115882
0.114745
0.113611
0.112481
0.111353
0.110229
0.109107
0.107988
0.106872
0.105759
0.104648
0.10354
0.102435
0.101332
0.100232
0.0991341
0.098039
0.0969464
0.0958564
0.0947689
0.0936839
0.0926015
0.0915217
0.0904445
0.0893699
0.0882978
0.0872284
0.0861616
0.0850975
0.0840359
0.0829769
0.0819206
0.0808668
0.0798156
0.0787669
0.0777206
0.0766767
0.0756352
0.074596
0.073559
0.0725241
0.0714912
0.0704602
0.069431
0.0684036
0.0673777
0.0663534
0.0653304
0.0643087
0.0632882
0.0622687
0.0612502
0.0602326
0.0592157
0.0581996
0.057184
0.0561691
0.0551545
0.0541405
0.0531267
0.0521133
0.0511002
0.0500873
0.0490746
0.048062
0.0470496
0.0460374
0.0450252
0.0440131
0.043001
0.0419891
0.0409771
0.0399652
0.0389533
0.0379415
0.0369297
0.0359179
0.0349061
0.0338943
0.0328825
0.0318707
0.0308589
0.0298472
0.0288354
0.0278236
0.0268118
0.0258001
0.0247883
0.0237765
0.0227648
0.021753
0.0207412
0.0197295
0.0187177
0.0177059
0.0166942
0.0156824
0.0146706
0.0136589
0.0126471
0.0116353
0.0106236
0.00961182
0.00860005
0.00758829
0.00657652
0.00556476
0.00455299
0.00354123
0.00252945
0.00151769
0.000505932
0.384436
0.384039
0.383262
0.382078
0.380495
0.378548
0.376277
0.373723
0.370925
0.36792
0.364746
0.361438
0.358028
0.354546
0.351017
0.347464
0.343905
0.340355
0.336828
0.333334
0.32988
0.326474
0.323119
0.319818
0.316574
0.313389
0.310261
0.307191
0.304179
0.301223
0.298322
0.295475
0.292679
0.289934
0.287237
0.284587
0.281981
0.279419
0.276898
0.274416
0.271972
0.269565
0.267192
0.264853
0.262546
0.26027
0.258023
0.255804
0.253612
0.251447
0.249307
0.247191
0.245098
0.243027
0.240979
0.238951
0.236944
0.234956
0.232987
0.231036
0.229104
0.227189
0.225291
0.223409
0.221543
0.219693
0.217859
0.216039
0.214234
0.212444
0.210667
0.208905
0.207156
0.205421
0.203699
0.20199
0.200293
0.19861
0.196939
0.195281
0.193635
0.192002
0.19038
0.188771
0.187174
0.185589
0.184016
0.182455
0.180905
0.179367
0.177841
0.176327
0.174824
0.173333
0.171854
0.170386
0.168929
0.167484
0.16605
0.164627
0.163215
0.161815
0.160425
0.159046
0.157677
0.156319
0.154971
0.153633
0.152305
0.150987
0.149678
0.148378
0.147088
0.145806
0.144533
0.143268
0.142011
0.140761
0.13952
0.138285
0.137057
0.135836
0.134622
0.133414
0.132211
0.131014
0.129823
0.128637
0.127456
0.12628
0.125109
0.123942
0.122779
0.12162
0.120466
0.119315
0.118168
0.117024
0.115884
0.114747
0.113613
0.112483
0.111355
0.110231
0.109109
0.10799
0.106874
0.105761
0.10465
0.103542
0.102436
0.101334
0.100233
0.0991357
0.0980405
0.096948
0.0958579
0.0947704
0.0936855
0.0926031
0.0915233
0.0904461
0.0893714
0.0882994
0.08723
0.0861632
0.085099
0.0840374
0.0829785
0.0819221
0.0808683
0.079817
0.0787683
0.0777219
0.0766781
0.0756365
0.0745972
0.0735601
0.0725252
0.0714922
0.0704612
0.0694319
0.0684044
0.0673785
0.0663541
0.0653311
0.0643093
0.0632887
0.0622692
0.0612507
0.060233
0.0592161
0.0581999
0.0571843
0.0561693
0.0551548
0.0541407
0.0531269
0.0521135
0.0511003
0.0500874
0.0490747
0.0480621
0.0470497
0.0460374
0.0450252
0.0440131
0.0430011
0.0419891
0.0409772
0.0399653
0.0389534
0.0379415
0.0369297
0.0359179
0.0349061
0.0338943
0.0328825
0.0318707
0.0308589
0.0298472
0.0288354
0.0278236
0.0268118
0.0258001
0.0247883
0.0237765
0.0227648
0.021753
0.0207412
0.0197295
0.0187177
0.0177059
0.0166942
0.0156824
0.0146706
0.0136589
0.0126471
0.0116353
0.0106236
0.00961182
0.00860006
0.00758829
0.00657653
0.00556476
0.004553
0.00354123
0.00252945
0.00151769
0.000505933
0.384648
0.384247
0.383462
0.382266
0.380668
0.378703
0.376412
0.373838
0.371019
0.367995
0.364803
0.361478
0.358054
0.354559
0.351019
0.347456
0.343889
0.340333
0.336801
0.333303
0.329847
0.326438
0.323082
0.319781
0.316536
0.313351
0.310223
0.307154
0.304143
0.301188
0.298288
0.295442
0.292648
0.289903
0.287208
0.284559
0.281954
0.279393
0.276873
0.274392
0.271949
0.269543
0.267171
0.264833
0.262526
0.260251
0.258004
0.255786
0.253595
0.251431
0.249291
0.247175
0.245083
0.243013
0.240965
0.238938
0.23693
0.234943
0.232975
0.231024
0.229092
0.227177
0.22528
0.223398
0.221533
0.219683
0.217849
0.216029
0.214225
0.212434
0.210658
0.208896
0.207147
0.205412
0.20369
0.201981
0.200285
0.198602
0.196931
0.195273
0.193627
0.191994
0.190372
0.188763
0.187166
0.185581
0.184008
0.182447
0.180898
0.17936
0.177834
0.17632
0.174817
0.173326
0.171847
0.170379
0.168922
0.167477
0.166043
0.164621
0.163209
0.161808
0.160418
0.159039
0.157671
0.156313
0.154965
0.153627
0.152299
0.150981
0.149673
0.148373
0.147083
0.145801
0.144528
0.143263
0.142006
0.140757
0.139515
0.138281
0.137054
0.135833
0.134618
0.13341
0.132208
0.131011
0.12982
0.128634
0.127454
0.126278
0.125106
0.123939
0.122777
0.121618
0.120464
0.119313
0.118166
0.117022
0.115882
0.114745
0.113611
0.112481
0.111353
0.110229
0.109107
0.107988
0.106872
0.105759
0.104648
0.10354
0.102435
0.101332
0.100232
0.0991342
0.098039
0.0969465
0.0958564
0.0947689
0.093684
0.0926016
0.0915218
0.0904445
0.0893699
0.0882979
0.0872284
0.0861616
0.0850975
0.0840359
0.0829769
0.0819206
0.0808668
0.0798156
0.0787669
0.0777206
0.0766768
0.0756352
0.074596
0.073559
0.0725241
0.0714912
0.0704602
0.0694311
0.0684036
0.0673778
0.0663534
0.0653304
0.0643087
0.0632882
0.0622687
0.0612502
0.0602326
0.0592158
0.0581996
0.0571841
0.0561691
0.0551546
0.0541405
0.0531268
0.0521134
0.0511002
0.0500873
0.0490746
0.0480621
0.0470497
0.0460374
0.0450252
0.0440131
0.0430011
0.0419891
0.0409772
0.0399653
0.0389534
0.0379415
0.0369297
0.0359179
0.0349061
0.0338943
0.0328825
0.0318707
0.0308589
0.0298472
0.0288354
0.0278236
0.0268119
0.0258001
0.0247883
0.0237765
0.0227648
0.021753
0.0207412
0.0197295
0.0187177
0.0177059
0.0166942
0.0156824
0.0146706
0.0136589
0.0126471
0.0116353
0.0106236
0.00961182
0.00860006
0.00758829
0.00657653
0.00556476
0.004553
0.00354123
0.00252945
0.00151769
0.000505933
0.385288
0.384875
0.384066
0.382834
0.381188
0.379168
0.376818
0.374182
0.371303
0.36822
0.364972
0.361597
0.358128
0.354594
0.351021
0.34743
0.34384
0.340265
0.336719
0.333209
0.329745
0.32633
0.32297
0.319667
0.316422
0.313237
0.310111
0.307044
0.304035
0.301083
0.298186
0.295343
0.292552
0.289812
0.287119
0.284473
0.281872
0.279314
0.276797
0.274319
0.27188
0.269476
0.267107
0.264771
0.262467
0.260193
0.257949
0.255733
0.253544
0.251381
0.249243
0.247129
0.245039
0.24297
0.240923
0.238897
0.236891
0.234905
0.232938
0.230989
0.229057
0.227143
0.225246
0.223366
0.221501
0.219652
0.217818
0.216
0.214195
0.212406
0.21063
0.208868
0.20712
0.205385
0.203663
0.201955
0.200259
0.198576
0.196906
0.195248
0.193603
0.19197
0.190349
0.18874
0.187143
0.185558
0.183985
0.182424
0.180875
0.179338
0.177812
0.176298
0.174796
0.173305
0.171826
0.170358
0.168902
0.167457
0.166023
0.1646
0.163189
0.161789
0.160399
0.15902
0.157652
0.156295
0.154947
0.15361
0.152283
0.150965
0.149657
0.148358
0.147068
0.145786
0.144514
0.143249
0.141993
0.140744
0.139503
0.138269
0.137042
0.135822
0.134608
0.1334
0.132198
0.131002
0.129811
0.128626
0.127445
0.12627
0.125099
0.123932
0.12277
0.121611
0.120457
0.119306
0.11816
0.117016
0.115876
0.11474
0.113606
0.112476
0.111348
0.110224
0.109102
0.107984
0.106868
0.105754
0.104644
0.103536
0.10243
0.101328
0.100227
0.0991297
0.0980345
0.0969419
0.0958519
0.0947643
0.0936794
0.092597
0.0915171
0.0904399
0.0893653
0.0882932
0.0872238
0.086157
0.0850929
0.0840313
0.0829724
0.0819161
0.0808624
0.0798113
0.0787627
0.0777166
0.0766728
0.0756315
0.0745924
0.0735556
0.0725208
0.0714881
0.0704573
0.0694284
0.0684011
0.0673754
0.0663513
0.0653285
0.0643069
0.0632866
0.0622673
0.0612489
0.0602314
0.0592147
0.0581987
0.0571833
0.0561684
0.055154
0.05414
0.0531263
0.052113
0.0510999
0.0500871
0.0490744
0.0480619
0.0470495
0.0460373
0.0450251
0.044013
0.043001
0.041989
0.0409771
0.0399652
0.0389534
0.0379415
0.0369297
0.0359179
0.0349061
0.0338943
0.0328825
0.0318707
0.0308589
0.0298472
0.0288354
0.0278236
0.0268119
0.0258001
0.0247883
0.0237766
0.0227648
0.021753
0.0207413
0.0197295
0.0187177
0.0177059
0.0166942
0.0156824
0.0146706
0.0136589
0.0126471
0.0116354
0.0106236
0.00961182
0.00860006
0.00758829
0.00657653
0.00556476
0.004553
0.00354123
0.00252945
0.00151769
0.000505932
0.386371
0.385936
0.385085
0.38379
0.382063
0.379949
0.377496
0.374755
0.371772
0.368589
0.365249
0.36179
0.358246
0.354647
0.351018
0.347381
0.343753
0.340147
0.336577
0.333049
0.329571
0.326148
0.322782
0.319475
0.31623
0.313046
0.309922
0.306859
0.303854
0.300907
0.298016
0.295178
0.292393
0.289658
0.286972
0.284332
0.281736
0.279183
0.276671
0.274199
0.271764
0.269364
0.267
0.264668
0.262368
0.260098
0.257858
0.255645
0.253459
0.251299
0.249164
0.247053
0.244965
0.242899
0.240854
0.23883
0.236826
0.234842
0.232876
0.230929
0.228999
0.227087
0.225191
0.223312
0.221448
0.2196
0.217768
0.21595
0.214147
0.212358
0.210583
0.208822
0.207075
0.205341
0.20362
0.201912
0.200217
0.198534
0.196865
0.195207
0.193562
0.19193
0.190309
0.188701
0.187104
0.18552
0.183947
0.182386
0.180837
0.1793
0.177775
0.176261
0.174759
0.173269
0.17179
0.170323
0.168867
0.167422
0.165989
0.164567
0.163156
0.161756
0.160367
0.158989
0.157621
0.156264
0.154918
0.153581
0.152254
0.150937
0.14963
0.148331
0.147042
0.145762
0.14449
0.143226
0.141971
0.140723
0.139482
0.138249
0.137023
0.135803
0.13459
0.133383
0.132182
0.130986
0.129796
0.128611
0.127431
0.126256
0.125086
0.12392
0.122758
0.1216
0.120446
0.119296
0.118149
0.117006
0.115867
0.11473
0.113597
0.112467
0.11134
0.110215
0.109094
0.107976
0.10686
0.105747
0.104636
0.103528
0.102423
0.10132
0.10022
0.0991222
0.098027
0.0969344
0.0958443
0.0947568
0.0936718
0.0925894
0.0915095
0.0904322
0.0893576
0.0882855
0.0872161
0.0861493
0.0850852
0.0840238
0.082965
0.0819088
0.0808552
0.0798042
0.0787558
0.0777099
0.0766664
0.0756253
0.0745865
0.0735499
0.0725154
0.071483
0.0704525
0.0694239
0.0683969
0.0673716
0.0663477
0.0653252
0.064304
0.0632839
0.0622649
0.0612468
0.0602295
0.059213
0.0581972
0.0571819
0.0561672
0.055153
0.0541391
0.0531256
0.0521123
0.0510994
0.0500866
0.049074
0.0480616
0.0470493
0.046037
0.0450249
0.0440129
0.0430009
0.0419889
0.040977
0.0399652
0.0389533
0.0379415
0.0369297
0.0359179
0.0349061
0.0338943
0.0328825
0.0318707
0.0308589
0.0298472
0.0288354
0.0278236
0.0268119
0.0258001
0.0247883
0.0237766
0.0227648
0.021753
0.0207413
0.0197295
0.0187177
0.017706
0.0166942
0.0156824
0.0146707
0.0136589
0.0126471
0.0116354
0.0106236
0.00961182
0.00860006
0.00758829
0.00657652
0.00556476
0.004553
0.00354123
0.00252945
0.00151769
0.000505931
0.38792
0.387452
0.386539
0.38515
0.383305
0.381052
0.37845
0.375556
0.372421
0.369096
0.365624
0.362046
0.358397
0.354706
0.351001
0.347299
0.343619
0.339972
0.336369
0.332817
0.329322
0.325886
0.322513
0.319203
0.315958
0.312775
0.309656
0.306598
0.3036
0.30066
0.297776
0.294947
0.29217
0.289443
0.286765
0.284133
0.281545
0.279
0.276495
0.27403
0.271601
0.269209
0.26685
0.264524
0.26223
0.259965
0.25773
0.255522
0.25334
0.251184
0.249053
0.246946
0.244861
0.242798
0.240757
0.238736
0.236735
0.234753
0.23279
0.230845
0.228917
0.227007
0.225113
0.223236
0.221374
0.219528
0.217697
0.21588
0.214079
0.212291
0.210517
0.208758
0.207011
0.205278
0.203558
0.201851
0.200157
0.198475
0.196806
0.19515
0.193505
0.191873
0.190253
0.188645
0.187049
0.185465
0.183893
0.182333
0.180785
0.179248
0.177723
0.17621
0.174708
0.173218
0.17174
0.170273
0.168818
0.167374
0.165941
0.16452
0.163109
0.16171
0.160322
0.158945
0.157578
0.156222
0.154876
0.15354
0.152214
0.150898
0.149592
0.148295
0.147006
0.145727
0.144456
0.143194
0.141939
0.140692
0.139453
0.138221
0.136996
0.135777
0.134565
0.133359
0.132159
0.130964
0.129775
0.128591
0.127412
0.126238
0.125068
0.123903
0.122741
0.121584
0.120431
0.119281
0.118135
0.116992
0.115853
0.114717
0.113584
0.112455
0.111328
0.110204
0.109083
0.107964
0.106849
0.105736
0.104625
0.103517
0.102412
0.10131
0.100209
0.0991118
0.0980167
0.096924
0.0958339
0.0947463
0.0936613
0.0925788
0.0914989
0.0904216
0.0893469
0.0882748
0.0872054
0.0861387
0.0850746
0.0840133
0.0829546
0.0818985
0.0808451
0.0797944
0.0787462
0.0777006
0.0766574
0.0756166
0.0745782
0.073542
0.072508
0.071476
0.0704459
0.0694177
0.0683912
0.0673663
0.0663428
0.0653208
0.0642999
0.0632802
0.0622615
0.0612438
0.0602268
0.0592106
0.0581951
0.0571801
0.0561656
0.0551516
0.0541379
0.0531245
0.0521115
0.0510986
0.050086
0.0490735
0.0480611
0.0470489
0.0460367
0.0450247
0.0440127
0.0430007
0.0419888
0.0409769
0.0399651
0.0389533
0.0379414
0.0369296
0.0359178
0.0349061
0.0338943
0.0328825
0.0318707
0.0308589
0.0298472
0.0288354
0.0278236
0.0268119
0.0258001
0.0247883
0.0237766
0.0227648
0.021753
0.0207413
0.0197295
0.0187177
0.017706
0.0166942
0.0156824
0.0146707
0.0136589
0.0126471
0.0116354
0.0106236
0.00961182
0.00860005
0.00758829
0.00657652
0.00556476
0.00455299
0.00354123
0.00252944
0.00151769
0.000505929
0.389969
0.389456
0.388457
0.38694
0.384929
0.382486
0.37968
0.37658
0.373245
0.36973
0.366084
0.362351
0.358565
0.354759
0.350955
0.347173
0.343428
0.33973
0.336088
0.332506
0.32899
0.325541
0.32216
0.318847
0.315602
0.312423
0.30931
0.306259
0.30327
0.30034
0.297466
0.294648
0.291882
0.289166
0.286498
0.283876
0.281299
0.278764
0.276269
0.273812
0.271392
0.269008
0.266657
0.264339
0.262052
0.259794
0.257565
0.255363
0.253187
0.251037
0.248911
0.246808
0.244728
0.242669
0.240632
0.238615
0.236617
0.234639
0.232679
0.230737
0.228812
0.226904
0.225013
0.223138
0.221278
0.219434
0.217605
0.215791
0.213991
0.212205
0.210433
0.208674
0.206929
0.205198
0.203479
0.201773
0.20008
0.198399
0.196731
0.195075
0.193432
0.1918
0.190181
0.188574
0.186979
0.185395
0.183824
0.182264
0.180717
0.179181
0.177656
0.176144
0.174643
0.173153
0.171675
0.170209
0.168755
0.167311
0.165879
0.164459
0.163049
0.161651
0.160264
0.158887
0.157522
0.156167
0.154822
0.153487
0.152163
0.150848
0.149543
0.148247
0.14696
0.145682
0.144413
0.143152
0.141899
0.140653
0.139416
0.138185
0.136961
0.135744
0.134533
0.133328
0.132129
0.130936
0.129748
0.128565
0.127387
0.126214
0.125045
0.12388
0.12272
0.121564
0.120411
0.119262
0.118117
0.116975
0.115836
0.114701
0.113568
0.112439
0.111312
0.110189
0.109068
0.10795
0.106835
0.105722
0.104612
0.103504
0.102399
0.101296
0.100196
0.0990986
0.0980034
0.0969108
0.0958207
0.094733
0.0936479
0.0925654
0.0914854
0.0904081
0.0893333
0.0882613
0.0871919
0.0861252
0.0850612
0.0839999
0.0829414
0.0818855
0.0808324
0.0797819
0.0787341
0.0776888
0.076646
0.0756057
0.0745678
0.0735321
0.0724986
0.0714672
0.0704377
0.06941
0.068384
0.0673597
0.0663368
0.0653152
0.0642949
0.0632757
0.0622574
0.0612401
0.0602236
0.0592077
0.0581925
0.0571779
0.0561637
0.0551499
0.0541364
0.0531233
0.0521104
0.0510977
0.0500852
0.0490728
0.0480606
0.0470484
0.0460364
0.0450244
0.0440124
0.0430005
0.0419887
0.0409768
0.039965
0.0389532
0.0379414
0.0369296
0.0359178
0.034906
0.0338943
0.0328825
0.0318707
0.0308589
0.0298472
0.0288354
0.0278236
0.0268119
0.0258001
0.0247883
0.0237766
0.0227648
0.021753
0.0207413
0.0197295
0.0187177
0.017706
0.0166942
0.0156824
0.0146707
0.0136589
0.0126471
0.0116354
0.0106236
0.00961182
0.00860005
0.00758829
0.00657652
0.00556475
0.00455299
0.00354122
0.00252944
0.00151768
0.000505926
0.392567
0.391995
0.390879
0.389189
0.386959
0.384263
0.381191
0.377822
0.374229
0.370474
0.36661
0.362684
0.358732
0.354784
0.350863
0.346985
0.343164
0.339407
0.33572
0.332106
0.328568
0.325105
0.321716
0.318402
0.315159
0.311987
0.308881
0.305841
0.302864
0.299946
0.297086
0.294281
0.291528
0.288826
0.286171
0.283563
0.280998
0.278475
0.275991
0.273546
0.271137
0.268763
0.266422
0.264113
0.261834
0.259585
0.257363
0.255169
0.253
0.250856
0.248736
0.246639
0.244565
0.242511
0.240479
0.238466
0.236473
0.234499
0.232543
0.230604
0.228683
0.226779
0.22489
0.223018
0.221161
0.21932
0.217493
0.215681
0.213883
0.212099
0.210329
0.208572
0.206829
0.205099
0.203382
0.201677
0.199985
0.198306
0.196639
0.194984
0.193342
0.191711
0.190093
0.188487
0.186892
0.18531
0.183739
0.18218
0.180633
0.179098
0.177574
0.176062
0.174562
0.173073
0.171596
0.170131
0.168677
0.167235
0.165804
0.164384
0.162976
0.161578
0.160192
0.158817
0.157453
0.156099
0.154756
0.153423
0.1521
0.150786
0.149483
0.148189
0.146904
0.145628
0.14436
0.143101
0.141849
0.140606
0.13937
0.138141
0.136919
0.135703
0.134494
0.133291
0.132093
0.130901
0.129715
0.128533
0.127357
0.126185
0.125017
0.123854
0.122694
0.121539
0.120387
0.119239
0.118095
0.116953
0.115815
0.114681
0.113549
0.11242
0.111294
0.110171
0.10905
0.107933
0.106818
0.105705
0.104595
0.103488
0.102383
0.10128
0.10018
0.0990827
0.0979875
0.0968949
0.0958047
0.094717
0.0936318
0.0925492
0.0914692
0.0903918
0.089317
0.0882449
0.0871755
0.0861089
0.085045
0.0839839
0.0829255
0.08187
0.0808171
0.079767
0.0787196
0.0776748
0.0766326
0.0755928
0.0745554
0.0735204
0.0724875
0.0714567
0.0704279
0.0694009
0.0683756
0.0673519
0.0663297
0.0653088
0.064289
0.0632704
0.0622527
0.0612359
0.0602198
0.0592044
0.0581896
0.0571753
0.0561614
0.055148
0.0541348
0.0531219
0.0521092
0.0510967
0.0500843
0.0490721
0.04806
0.0470479
0.046036
0.0450241
0.0440122
0.0430003
0.0419885
0.0409767
0.0399649
0.0389531
0.0379413
0.0369295
0.0359178
0.034906
0.0338942
0.0328825
0.0318707
0.0308589
0.0298472
0.0288354
0.0278236
0.0268119
0.0258001
0.0247883
0.0237766
0.0227648
0.021753
0.0207413
0.0197295
0.0187177
0.017706
0.0166942
0.0156824
0.0146707
0.0136589
0.0126471
0.0116354
0.0106236
0.00961182
0.00860005
0.00758828
0.00657652
0.00556475
0.00455298
0.00354122
0.00252944
0.00151768
0.00050592
0.395781
0.395128
0.393858
0.39194
0.38942
0.386396
0.38298
0.379271
0.375356
0.371305
0.367177
0.363019
0.358869
0.354756
0.3507
0.346714
0.342808
0.338987
0.335252
0.331605
0.328044
0.324569
0.321175
0.317862
0.314625
0.311461
0.308367
0.305341
0.302378
0.299476
0.296633
0.293844
0.291108
0.288422
0.285784
0.283191
0.280641
0.278132
0.275663
0.273231
0.270835
0.268472
0.266143
0.263845
0.261576
0.259337
0.257125
0.254939
0.252778
0.250642
0.24853
0.24644
0.244371
0.242324
0.240298
0.23829
0.236302
0.234333
0.232381
0.230447
0.22853
0.22663
0.224745
0.222876
0.221023
0.219184
0.21736
0.215551
0.213756
0.211974
0.210206
0.208452
0.20671
0.204982
0.203266
0.201563
0.199873
0.198195
0.19653
0.194876
0.193235
0.191606
0.189988
0.188383
0.18679
0.185208
0.183638
0.18208
0.180534
0.178999
0.177477
0.175966
0.174466
0.172978
0.171502
0.170038
0.168585
0.167144
0.165714
0.164295
0.162888
0.161492
0.160108
0.158734
0.157371
0.156019
0.154677
0.153346
0.152025
0.150714
0.149412
0.14812
0.146837
0.145563
0.144297
0.14304
0.141791
0.14055
0.139316
0.138089
0.136869
0.135655
0.134448
0.133247
0.132051
0.130861
0.129676
0.128496
0.127321
0.126151
0.124985
0.123822
0.122664
0.12151
0.12036
0.119212
0.118069
0.116929
0.115791
0.114657
0.113526
0.112398
0.111273
0.11015
0.10903
0.107913
0.106798
0.105686
0.104576
0.103469
0.102364
0.101262
0.100162
0.0990642
0.0979691
0.0968764
0.0957862
0.0946984
0.0936132
0.0925305
0.0914504
0.0903729
0.0892981
0.088226
0.0871567
0.0860901
0.0850264
0.0839655
0.0829074
0.0818521
0.0807997
0.0797501
0.0787031
0.0776589
0.0766173
0.0755782
0.0745416
0.0735073
0.0724752
0.0714452
0.0704171
0.0693909
0.0683664
0.0673434
0.0663219
0.0653017
0.0642826
0.0632646
0.0622475
0.0612313
0.0602158
0.0592008
0.0581865
0.0571726
0.0561591
0.0551459
0.054133
0.0531204
0.0521079
0.0510956
0.0500834
0.0490714
0.0480594
0.0470474
0.0460356
0.0450237
0.0440119
0.0430001
0.0419883
0.0409765
0.0399648
0.038953
0.0379413
0.0369295
0.0359177
0.034906
0.0338942
0.0328825
0.0318707
0.0308589
0.0298472
0.0288354
0.0278236
0.0268119
0.0258001
0.0247883
0.0237766
0.0227648
0.021753
0.0207413
0.0197295
0.0187177
0.017706
0.0166942
0.0156824
0.0146707
0.0136589
0.0126471
0.0116354
0.0106236
0.00961182
0.00860005
0.00758828
0.00657651
0.00556475
0.00455298
0.00354121
0.00252943
0.00151767
0.000505913
0.399698
0.398938
0.397463
0.395243
0.392344
0.388897
0.385043
0.38091
0.376599
0.372191
0.367748
0.36332
0.358943
0.354644
0.350438
0.346335
0.342339
0.33845
0.334668
0.330988
0.327408
0.323923
0.320529
0.31722
0.313992
0.310842
0.307764
0.304755
0.301811
0.298929
0.296106
0.293337
0.290621
0.287954
0.285335
0.28276
0.280228
0.277736
0.275283
0.272867
0.270485
0.268137
0.265821
0.263535
0.261279
0.25905
0.256849
0.254673
0.252522
0.250395
0.248291
0.246209
0.244148
0.242108
0.240088
0.238087
0.236105
0.234141
0.232195
0.230266
0.228354
0.226457
0.224577
0.222712
0.220862
0.219027
0.217207
0.2154
0.213608
0.211829
0.210064
0.208312
0.206573
0.204847
0.203133
0.201432
0.199744
0.198067
0.196403
0.194752
0.193112
0.191484
0.189868
0.188264
0.186671
0.185091
0.183522
0.181965
0.18042
0.178886
0.177364
0.175854
0.174356
0.172869
0.171394
0.169931
0.168479
0.167039
0.16561
0.164193
0.162788
0.161393
0.16001
0.158638
0.157277
0.155927
0.154587
0.153258
0.151939
0.15063
0.149331
0.148041
0.146761
0.145489
0.144226
0.142971
0.141725
0.140486
0.139254
0.13803
0.136812
0.135601
0.134396
0.133197
0.132004
0.130816
0.129633
0.128455
0.127281
0.126113
0.124948
0.123787
0.122631
0.121478
0.120328
0.119183
0.11804
0.116901
0.115764
0.114631
0.113501
0.112373
0.111249
0.110126
0.109007
0.10789
0.106776
0.105664
0.104555
0.103448
0.102343
0.101241
0.100141
0.0990434
0.0979482
0.0968555
0.0957653
0.0946775
0.0935922
0.0925094
0.0914293
0.0903518
0.089277
0.088205
0.0871357
0.0860693
0.0850058
0.0839452
0.0828874
0.0818326
0.0807807
0.0797316
0.0786853
0.0776418
0.0766009
0.0755626
0.0745268
0.0734933
0.0724621
0.0714329
0.0704058
0.0693804
0.0683567
0.0673346
0.0663139
0.0652944
0.0642761
0.0632588
0.0622423
0.0612267
0.0602117
0.0591973
0.0581834
0.0571699
0.0561567
0.0551439
0.0541313
0.0531189
0.0521067
0.0510946
0.0500826
0.0490707
0.0480588
0.047047
0.0460352
0.0450234
0.0440116
0.0429999
0.0419882
0.0409764
0.0399647
0.038953
0.0379412
0.0369295
0.0359177
0.034906
0.0338942
0.0328825
0.0318707
0.0308589
0.0298472
0.0288354
0.0278236
0.0268119
0.0258001
0.0247883
0.0237766
0.0227648
0.021753
0.0207413
0.0197295
0.0187177
0.017706
0.0166942
0.0156824
0.0146707
0.0136589
0.0126471
0.0116354
0.0106236
0.00961182
0.00860005
0.00758828
0.00657651
0.00556474
0.00455297
0.0035412
0.00252942
0.00151766
0.000505904
0.404434
0.403532
0.401784
0.399163
0.395768
0.391774
0.387368
0.38271
0.377921
0.373089
0.368279
0.363541
0.35891
0.354407
0.350041
0.345816
0.341729
0.337775
0.333948
0.330241
0.326647
0.323158
0.319767
0.316469
0.313256
0.310124
0.307067
0.304081
0.30116
0.298302
0.295502
0.292757
0.290065
0.287421
0.284823
0.28227
0.279758
0.277286
0.274851
0.272453
0.270088
0.267756
0.265455
0.263183
0.260941
0.258725
0.256536
0.254371
0.252231
0.250114
0.24802
0.245947
0.243895
0.241863
0.23985
0.237857
0.235881
0.233924
0.231984
0.23006
0.228153
0.226262
0.224386
0.222526
0.220681
0.21885
0.217033
0.21523
0.213441
0.211665
0.209903
0.208154
0.206417
0.204694
0.202983
0.201284
0.199598
0.197923
0.196261
0.194611
0.192973
0.191346
0.189732
0.188129
0.186538
0.184959
0.183391
0.181835
0.180291
0.178759
0.177238
0.175729
0.174232
0.172746
0.171273
0.16981
0.16836
0.166921
0.165494
0.164079
0.162675
0.161282
0.159901
0.158531
0.157172
0.155824
0.154487
0.15316
0.151844
0.150537
0.149241
0.147954
0.146676
0.145407
0.144147
0.142895
0.141651
0.140415
0.139187
0.137965
0.13675
0.135542
0.134339
0.133143
0.131952
0.130766
0.129585
0.128409
0.127238
0.126071
0.124908
0.123749
0.122594
0.121443
0.120295
0.11915
0.118009
0.11687
0.115735
0.114603
0.113473
0.112346
0.111222
0.110101
0.108982
0.107866
0.106752
0.10564
0.104531
0.103424
0.10232
0.101218
0.100118
0.0990205
0.0979254
0.0968327
0.0957424
0.0946546
0.0935693
0.0924865
0.0914064
0.0903289
0.0892542
0.0881823
0.0871133
0.0860472
0.084984
0.0839237
0.0828665
0.0818122
0.0807609
0.0797125
0.078667
0.0776242
0.0765842
0.0755468
0.0745119
0.0734793
0.072449
0.0714208
0.0703946
0.0693701
0.0683473
0.0673261
0.0663062
0.0652875
0.0642699
0.0632532
0.0622374
0.0612223
0.0602079
0.0591939
0.0581805
0.0571674
0.0561546
0.0551421
0.0541298
0.0531176
0.0521056
0.0510937
0.0500818
0.04907
0.0480583
0.0470465
0.0460348
0.0450231
0.0440114
0.0429997
0.041988
0.0409763
0.0399646
0.0389529
0.0379412
0.0369294
0.0359177
0.034906
0.0338942
0.0328825
0.0318707
0.0308589
0.0298472
0.0288354
0.0278236
0.0268119
0.0258001
0.0247883
0.0237766
0.0227648
0.021753
0.0207413
0.0197295
0.0187177
0.017706
0.0166942
0.0156824
0.0146707
0.0136589
0.0126471
0.0116354
0.0106236
0.00961181
0.00860004
0.00758828
0.00657651
0.00556474
0.00455297
0.00354119
0.00252942
0.00151765
0.000505892
0.410146
0.409051
0.406935
0.403779
0.399729
0.395028
0.389928
0.384628
0.379266
0.373937
0.368707
0.363623
0.358715
0.353997
0.349468
0.345121
0.340948
0.336935
0.333071
0.329345
0.325745
0.32226
0.318881
0.315601
0.31241
0.309303
0.306273
0.303314
0.300422
0.297592
0.294821
0.292104
0.289438
0.28682
0.284248
0.281719
0.279231
0.276781
0.274367
0.271988
0.269643
0.267329
0.265045
0.26279
0.260562
0.258361
0.256185
0.254034
0.251906
0.2498
0.247716
0.245654
0.243611
0.241588
0.239585
0.237599
0.235632
0.233681
0.231748
0.229831
0.22793
0.226045
0.224175
0.222319
0.220479
0.218652
0.21684
0.215041
0.213256
0.211484
0.209725
0.207979
0.206246
0.204525
0.202817
0.20112
0.199436
0.197764
0.196104
0.194456
0.19282
0.191195
0.189582
0.187981
0.186392
0.184814
0.183248
0.181693
0.180151
0.17862
0.1771
0.175592
0.174097
0.172612
0.17114
0.169679
0.16823
0.166793
0.165368
0.163954
0.162552
0.161162
0.159783
0.158415
0.157058
0.155713
0.154378
0.153054
0.151741
0.150437
0.149144
0.14786
0.146585
0.145319
0.144062
0.142814
0.141573
0.14034
0.139115
0.137896
0.136684
0.135479
0.134279
0.133085
0.131897
0.130714
0.129535
0.128362
0.127193
0.126028
0.124867
0.123709
0.122556
0.121406
0.120259
0.119116
0.117976
0.116839
0.115704
0.114573
0.113444
0.112318
0.111195
0.110074
0.108956
0.10784
0.106726
0.105615
0.104506
0.1034
0.102295
0.101193
0.100094
0.0989963
0.0979012
0.0968085
0.0957183
0.0946305
0.0935452
0.0924625
0.0913825
0.0903052
0.0892307
0.0881591
0.0870904
0.0860246
0.0849619
0.0839023
0.0828456
0.081792
0.0807415
0.0796939
0.0786492
0.0776073
0.0765682
0.0755318
0.0744978
0.0734662
0.0724369
0.0714096
0.0703843
0.0693608
0.0683388
0.0673184
0.0662993
0.0652813
0.0642644
0.0632483
0.0622331
0.0612186
0.0602046
0.0591911
0.058178
0.0571653
0.0561528
0.0551406
0.0541285
0.0531165
0.0521047
0.0510929
0.0500812
0.0490695
0.0480579
0.0470462
0.0460346
0.0450229
0.0440113
0.0429996
0.0419879
0.0409763
0.0399646
0.0389529
0.0379411
0.0369294
0.0359177
0.0349059
0.0338942
0.0328825
0.0318707
0.0308589
0.0298472
0.0288354
0.0278237
0.0268119
0.0258001
0.0247884
0.0237766
0.0227648
0.021753
0.0207413
0.0197295
0.0187177
0.017706
0.0166942
0.0156824
0.0146707
0.0136589
0.0126471
0.0116353
0.0106236
0.00961181
0.00860004
0.00758827
0.0065765
0.00556473
0.00455296
0.00354119
0.00252941
0.00151764
0.00050588
0.417046
0.415686
0.413065
0.409182
0.404259
0.398645
0.392676
0.386597
0.380558
0.374655
0.368951
0.363491
0.358292
0.353355
0.348667
0.344209
0.33996
0.335901
0.332014
0.328281
0.324686
0.321217
0.31786
0.314606
0.311446
0.308371
0.305374
0.30245
0.299592
0.296797
0.294058
0.291374
0.288739
0.286152
0.283609
0.281107
0.278645
0.27622
0.27383
0.271474
0.26915
0.266856
0.264592
0.262355
0.260144
0.257959
0.255799
0.253662
0.251547
0.249455
0.247383
0.245332
0.2433
0.241288
0.239293
0.237317
0.235358
0.233416
0.23149
0.229581
0.227687
0.225808
0.223944
0.222094
0.220259
0.218438
0.216631
0.214837
0.213056
0.211288
0.209533
0.207791
0.206061
0.204343
0.202638
0.200945
0.199263
0.197594
0.195937
0.194291
0.192657
0.191034
0.189423
0.187824
0.186236
0.18466
0.183096
0.181543
0.180001
0.178472
0.176954
0.175448
0.173953
0.172471
0.171
0.169541
0.168094
0.166659
0.165235
0.163824
0.162424
0.161035
0.159659
0.158294
0.15694
0.155597
0.154265
0.152944
0.151634
0.150333
0.149043
0.147762
0.146491
0.145229
0.143975
0.14273
0.141493
0.140263
0.139041
0.137826
0.136617
0.135415
0.134218
0.133027
0.131842
0.130661
0.129485
0.128314
0.127147
0.125984
0.124825
0.12367
0.122518
0.121369
0.120224
0.119082
0.117943
0.116807
0.115674
0.114543
0.113415
0.11229
0.111167
0.110047
0.108929
0.107813
0.1067
0.105589
0.104481
0.103374
0.10227
0.101168
0.100069
0.0989715
0.0978766
0.096784
0.0956939
0.0946062
0.0935211
0.0924386
0.0913588
0.0902818
0.0892077
0.0881365
0.0870683
0.0860032
0.0849411
0.0838821
0.0828262
0.0817734
0.0807237
0.079677
0.0786332
0.0775923
0.0765542
0.0755186
0.0744856
0.073455
0.0724266
0.0714002
0.0703757
0.069353
0.0683319
0.0673121
0.0662937
0.0652764
0.06426
0.0632445
0.0622298
0.0612157
0.0602021
0.059189
0.0581762
0.0571637
0.0561515
0.0551395
0.0541276
0.0531158
0.0521041
0.0510924
0.0500808
0.0490692
0.0480576
0.047046
0.0460344
0.0450228
0.0440112
0.0429995
0.0419879
0.0409762
0.0399645
0.0389528
0.0379411
0.0369294
0.0359177
0.0349059
0.0338942
0.0328825
0.0318707
0.0308589
0.0298472
0.0288354
0.0278237
0.0268119
0.0258001
0.0247884
0.0237766
0.0227648
0.021753
0.0207413
0.0197295
0.0187177
0.017706
0.0166942
0.0156824
0.0146707
0.0136589
0.0126471
0.0116353
0.0106236
0.00961181
0.00860004
0.00758827
0.0065765
0.00556473
0.00455295
0.00354118
0.0025294
0.00151763
0.000505869
0.42543
0.423693
0.420362
0.415472
0.409376
0.402582
0.395536
0.388521
0.381691
0.375134
0.36891
0.363051
0.357559
0.352413
0.347581
0.34303
0.338727
0.334642
0.330749
0.327027
0.323454
0.320014
0.316692
0.313476
0.310356
0.307323
0.304368
0.301486
0.298669
0.295913
0.293214
0.290567
0.287968
0.285415
0.282905
0.280435
0.278002
0.275606
0.273243
0.270913
0.268612
0.266341
0.264098
0.261882
0.25969
0.257524
0.25538
0.253259
0.25116
0.249082
0.247024
0.244986
0.242966
0.240965
0.238982
0.237015
0.235066
0.233133
0.231216
0.229315
0.227428
0.225557
0.2237
0.221857
0.220028
0.218212
0.21641
0.214622
0.212846
0.211083
0.209332
0.207594
0.205868
0.204154
0.202452
0.200762
0.199084
0.197418
0.195763
0.19412
0.192488
0.190868
0.18926
0.187662
0.186077
0.184503
0.18294
0.181389
0.17985
0.178322
0.176806
0.175301
0.173808
0.172328
0.170859
0.169402
0.167956
0.166523
0.165102
0.163692
0.162295
0.160909
0.159535
0.158173
0.156821
0.155482
0.154153
0.152835
0.151528
0.150231
0.148944
0.147667
0.146399
0.145141
0.143891
0.142649
0.141415
0.140189
0.13897
0.137758
0.136553
0.135353
0.13416
0.132972
0.131789
0.130611
0.129437
0.128268
0.127103
0.125943
0.124785
0.123632
0.122481
0.121334
0.120191
0.11905
0.117912
0.116777
0.115644
0.114514
0.113387
0.112262
0.11114
0.11002
0.108903
0.107788
0.106675
0.105564
0.104456
0.10335
0.102246
0.101144
0.100045
0.0989476
0.0978528
0.0967605
0.0956705
0.0945832
0.0934984
0.0924163
0.0913369
0.0902604
0.0891868
0.0881162
0.0870487
0.0859842
0.0849229
0.0838647
0.0828096
0.0817577
0.0807089
0.0796631
0.0786202
0.0775802
0.076543
0.0755084
0.0744762
0.0734464
0.0724188
0.0713932
0.0703694
0.0693474
0.0683269
0.0673077
0.0662898
0.0652729
0.064257
0.0632419
0.0622276
0.0612138
0.0602005
0.0591876
0.058175
0.0571627
0.0561507
0.0551388
0.054127
0.0531153
0.0521037
0.0510921
0.0500805
0.049069
0.0480574
0.0470459
0.0460343
0.0450227
0.0440111
0.0429995
0.0419878
0.0409762
0.0399645
0.0389528
0.0379411
0.0369294
0.0359177
0.0349059
0.0338942
0.0328825
0.0318707
0.0308589
0.0298472
0.0288354
0.0278237
0.0268119
0.0258001
0.0247884
0.0237766
0.0227648
0.021753
0.0207413
0.0197295
0.0187177
0.017706
0.0166942
0.0156824
0.0146707
0.0136589
0.0126471
0.0116353
0.0106236
0.00961181
0.00860004
0.00758827
0.0065765
0.00556472
0.00455295
0.00354117
0.0025294
0.00151762
0.00050586
0.435718
0.43343
0.429067
0.422748
0.415059
0.406746
0.398378
0.390256
0.382514
0.375229
0.36845
0.362189
0.356419
0.35109
0.346146
0.341533
0.337205
0.333122
0.329251
0.325562
0.32203
0.318637
0.315366
0.312203
0.309135
0.306155
0.303252
0.30042
0.297652
0.294944
0.29229
0.289686
0.287129
0.284616
0.282143
0.279709
0.27731
0.274946
0.272613
0.270311
0.268038
0.265793
0.263574
0.26138
0.25921
0.257063
0.254939
0.252836
0.250754
0.248692
0.246649
0.244625
0.242619
0.24063
0.238659
0.236704
0.234765
0.232842
0.230934
0.229042
0.227164
0.2253
0.223451
0.221615
0.219793
0.217984
0.216188
0.214405
0.212634
0.210876
0.209131
0.207397
0.205675
0.203966
0.202268
0.200581
0.198907
0.197244
0.195592
0.193952
0.192323
0.190705
0.189099
0.187504
0.185921
0.184349
0.182789
0.18124
0.179702
0.178176
0.176662
0.17516
0.173669
0.17219
0.170723
0.169268
0.167825
0.166394
0.164975
0.163568
0.162173
0.16079
0.159418
0.158059
0.15671
0.155374
0.154048
0.152733
0.151429
0.150136
0.148852
0.147579
0.146314
0.145059
0.143813
0.142575
0.141344
0.140121
0.138906
0.137697
0.136494
0.135298
0.134107
0.132922
0.131741
0.130566
0.129395
0.128228
0.127065
0.125905
0.12475
0.123598
0.122449
0.121303
0.12016
0.11902
0.117883
0.116749
0.115617
0.114488
0.113362
0.112237
0.111116
0.109996
0.108879
0.107764
0.106652
0.105541
0.104433
0.103327
0.102223
0.101122
0.100023
0.098926
0.0978315
0.0967395
0.0956499
0.094563
0.0934787
0.0923971
0.0913183
0.0902424
0.0891695
0.0880996
0.0870328
0.0859691
0.0849086
0.0838513
0.0827971
0.081746
0.080698
0.079653
0.078611
0.0775718
0.0765353
0.0755014
0.07447
0.0734409
0.0724138
0.0713888
0.0703656
0.069344
0.0683239
0.0673052
0.0662876
0.065271
0.0642554
0.0632406
0.0622264
0.0612128
0.0601996
0.0591869
0.0581744
0.0571623
0.0561503
0.0551384
0.0541267
0.0531151
0.0521035
0.0510919
0.0500804
0.0490689
0.0480574
0.0470458
0.0460343
0.0450227
0.0440111
0.0429995
0.0419878
0.0409762
0.0399645
0.0389528
0.0379411
0.0369294
0.0359177
0.0349059
0.0338942
0.0328825
0.0318707
0.0308589
0.0298472
0.0288354
0.0278237
0.0268119
0.0258001
0.0247884
0.0237766
0.0227648
0.021753
0.0207413
0.0197295
0.0187177
0.017706
0.0166942
0.0156824
0.0146707
0.0136589
0.0126471
0.0116353
0.0106236
0.00961181
0.00860004
0.00758827
0.0065765
0.00556472
0.00455295
0.00354117
0.0025294
0.00151762
0.000505855
0.448527
0.445403
0.439485
0.431088
0.421219
0.410968
0.401001
0.391583
0.382806
0.374732
0.36739
0.360756
0.354754
0.349294
0.344288
0.339661
0.335353
0.331312
0.327495
0.323869
0.320405
0.317081
0.31388
0.310786
0.307786
0.304871
0.302032
0.299261
0.296552
0.2939
0.291299
0.288746
0.286237
0.283769
0.28134
0.278946
0.276586
0.274257
0.271959
0.269689
0.267446
0.265229
0.263036
0.260867
0.258721
0.256597
0.254493
0.25241
0.250346
0.248301
0.246274
0.244265
0.242273
0.240298
0.238339
0.236396
0.234469
0.232557
0.230659
0.228776
0.226907
0.225052
0.22321
0.221382
0.219567
0.217764
0.215975
0.214197
0.212432
0.21068
0.208939
0.20721
0.205493
0.203788
0.202094
0.200411
0.19874
0.19708
0.195432
0.193795
0.192169
0.190554
0.188951
0.187359
0.185778
0.184208
0.18265
0.181103
0.179568
0.178044
0.176532
0.175031
0.173543
0.172066
0.170601
0.169148
0.167707
0.166279
0.164862
0.163457
0.162065
0.160684
0.159315
0.157958
0.156613
0.155279
0.153957
0.152645
0.151344
0.150054
0.148774
0.147503
0.146242
0.14499
0.143747
0.142511
0.141284
0.140064
0.138852
0.137645
0.136446
0.135252
0.134063
0.13288
0.131702
0.130528
0.129359
0.128193
0.127032
0.125874
0.12472
0.123569
0.122421
0.121277
0.120135
0.118996
0.117859
0.116726
0.115594
0.114466
0.11334
0.112216
0.111094
0.109975
0.108858
0.107744
0.106631
0.105521
0.104413
0.103308
0.102204
0.101103
0.100005
0.0989081
0.097814
0.0967225
0.0956334
0.094547
0.0934633
0.0923823
0.0913042
0.090229
0.0891568
0.0880877
0.0870217
0.0859588
0.084899
0.0838424
0.082789
0.0817387
0.0806914
0.0796471
0.0786058
0.0775672
0.0765313
0.0754979
0.0744669
0.0734382
0.0724116
0.0713869
0.070364
0.0693427
0.0683229
0.0673043
0.0662869
0.0652705
0.064255
0.0632402
0.0622261
0.0612126
0.0601995
0.0591868
0.0581744
0.0571622
0.0561502
0.0551384
0.0541267
0.0531151
0.0521035
0.0510919
0.0500804
0.0490689
0.0480573
0.0470458
0.0460342
0.0450227
0.0440111
0.0429995
0.0419878
0.0409762
0.0399645
0.0389528
0.0379411
0.0369294
0.0359177
0.0349059
0.0338942
0.0328825
0.0318707
0.0308589
0.0298472
0.0288354
0.0278237
0.0268119
0.0258001
0.0247884
0.0237766
0.0227648
0.021753
0.0207413
0.0197295
0.0187177
0.017706
0.0166942
0.0156824
0.0146707
0.0136589
0.0126471
0.0116353
0.0106236
0.00961181
0.00860004
0.00758827
0.0065765
0.00556472
0.00455295
0.00354117
0.0025294
0.00151762
0.000505856
0.464785
0.46033
0.451985
0.440516
0.427693
0.415013
0.403134
0.392204
0.382265
0.373366
0.365497
0.358562
0.352416
0.346913
0.341928
0.337362
0.333138
0.329191
0.325475
0.32195
0.318586
0.31536
0.312252
0.309249
0.306336
0.303503
0.300742
0.298045
0.295405
0.292819
0.29028
0.287785
0.285331
0.282914
0.280532
0.278183
0.275865
0.273576
0.271315
0.269079
0.266868
0.264681
0.262517
0.260374
0.258252
0.25615
0.254068
0.252005
0.24996
0.247932
0.245922
0.243928
0.241951
0.239989
0.238043
0.236112
0.234195
0.232293
0.230406
0.228532
0.226671
0.224824
0.22299
0.221169
0.219361
0.217565
0.215782
0.21401
0.212251
0.210503
0.208767
0.207043
0.20533
0.203629
0.201939
0.200261
0.198593
0.196937
0.195291
0.193657
0.192034
0.190422
0.188822
0.187232
0.185654
0.184087
0.182531
0.180986
0.179453
0.177931
0.176422
0.174923
0.173437
0.171962
0.170499
0.169049
0.16761
0.166184
0.164769
0.163367
0.161977
0.160598
0.159232
0.157878
0.156535
0.155204
0.153884
0.152575
0.151277
0.149989
0.148712
0.147444
0.146185
0.144936
0.143695
0.142463
0.141238
0.14002
0.13881
0.137606
0.136408
0.135216
0.134029
0.132848
0.131671
0.130499
0.129331
0.128167
0.127007
0.12585
0.124697
0.123547
0.1224
0.121256
0.120114
0.118976
0.11784
0.116707
0.115576
0.114448
0.113322
0.112199
0.111077
0.109959
0.108842
0.107728
0.106616
0.105506
0.104398
0.103293
0.10219
0.101089
0.0999908
0.0988948
0.0978013
0.0967103
0.0956218
0.094536
0.0934529
0.0923726
0.0912951
0.0902206
0.0891491
0.0880807
0.0870153
0.0859531
0.084894
0.0838381
0.0827853
0.0817355
0.0806888
0.079645
0.078604
0.0775659
0.0765303
0.0754972
0.0744665
0.0734381
0.0724116
0.0713871
0.0703643
0.069343
0.0683232
0.0673047
0.0662873
0.0652709
0.0642554
0.0632406
0.0622265
0.0612129
0.0601998
0.059187
0.0581746
0.0571624
0.0561504
0.0551386
0.0541268
0.0531152
0.0521036
0.051092
0.0500804
0.0490689
0.0480574
0.0470458
0.0460342
0.0450227
0.0440111
0.0429994
0.0419878
0.0409762
0.0399645
0.0389528
0.0379411
0.0369294
0.0359177
0.0349059
0.0338942
0.0328825
0.0318707
0.0308589
0.0298472
0.0288354
0.0278237
0.0268119
0.0258001
0.0247884
0.0237766
0.0227648
0.021753
0.0207413
0.0197295
0.0187177
0.017706
0.0166942
0.0156824
0.0146707
0.0136589
0.0126471
0.0116353
0.0106236
0.00961181
0.00860004
0.00758827
0.0065765
0.00556472
0.00455295
0.00354118
0.00252941
0.00151763
0.000505862
0.485936
0.479149
0.466839
0.450865
0.434182
0.418568
0.404436
0.39175
0.380536
0.370824
0.362521
0.355415
0.349264
0.343852
0.339012
0.334614
0.330563
0.326787
0.323232
0.319859
0.316636
0.313542
0.310558
0.307668
0.304862
0.302128
0.299458
0.296847
0.294287
0.291773
0.289302
0.286871
0.284475
0.282112
0.27978
0.277478
0.275202
0.272953
0.270728
0.268526
0.266347
0.264189
0.262051
0.259933
0.257835
0.255755
0.253693
0.251648
0.24962
0.247609
0.245613
0.243634
0.241669
0.23972
0.237785
0.235865
0.233959
0.232066
0.230187
0.228322
0.226469
0.224629
0.222802
0.220988
0.219185
0.217395
0.215617
0.213851
0.212097
0.210354
0.208622
0.206902
0.205193
0.203496
0.20181
0.200134
0.19847
0.196817
0.195175
0.193544
0.191923
0.190314
0.188716
0.187129
0.185553
0.183988
0.182435
0.180892
0.179361
0.177842
0.176334
0.174838
0.173354
0.171881
0.170421
0.168972
0.167535
0.166111
0.164699
0.163299
0.161911
0.160535
0.159171
0.157818
0.156478
0.155149
0.153831
0.152524
0.151228
0.149943
0.148667
0.147402
0.146145
0.144898
0.143659
0.142428
0.141205
0.139989
0.13878
0.137578
0.136381
0.135191
0.134005
0.132825
0.131649
0.130478
0.129311
0.128148
0.126988
0.125832
0.12468
0.12353
0.122384
0.12124
0.120099
0.118961
0.117826
0.116693
0.115562
0.114434
0.113309
0.112186
0.111065
0.109946
0.10883
0.107716
0.106604
0.105495
0.104388
0.103283
0.10218
0.10108
0.0999818
0.0988863
0.0977932
0.0967027
0.0956148
0.0945296
0.0934471
0.0923674
0.0912905
0.0902166
0.0891457
0.0880778
0.087013
0.0859514
0.0848928
0.0838373
0.0827849
0.0817355
0.0806891
0.0796456
0.0786049
0.0775669
0.0765315
0.0754986
0.074468
0.0734395
0.0724131
0.0713885
0.0703657
0.0693444
0.0683246
0.0673059
0.0662885
0.065272
0.0642564
0.0632415
0.0622273
0.0612136
0.0602004
0.0591875
0.058175
0.0571628
0.0561507
0.0551388
0.054127
0.0531153
0.0521037
0.0510921
0.0500805
0.0490689
0.0480574
0.0470458
0.0460343
0.0450227
0.0440111
0.0429994
0.0419878
0.0409761
0.0399645
0.0389528
0.0379411
0.0369294
0.0359177
0.0349059
0.0338942
0.0328824
0.0318707
0.0308589
0.0298472
0.0288354
0.0278237
0.0268119
0.0258001
0.0247884
0.0237766
0.0227648
0.021753
0.0207413
0.0197295
0.0187177
0.017706
0.0166942
0.0156824
0.0146707
0.0136589
0.0126471
0.0116353
0.0106236
0.00961181
0.00860004
0.00758827
0.0065765
0.00556473
0.00455296
0.00354118
0.00252941
0.00151764
0.000505868
0.51448
0.502905
0.483707
0.461296
0.439924
0.42098
0.404282
0.389663
0.377192
0.366834
0.358322
0.351274
0.345327
0.340194
0.33566
0.331566
0.327799
0.324279
0.320953
0.317782
0.31474
0.311807
0.308967
0.306207
0.303517
0.300889
0.298315
0.29579
0.293309
0.290867
0.288462
0.286089
0.283747
0.281434
0.279148
0.276886
0.274649
0.272434
0.270241
0.268069
0.265916
0.263783
0.261668
0.259572
0.257493
0.255431
0.253385
0.251356
0.249342
0.247344
0.245361
0.243393
0.241439
0.2395
0.237575
0.235663
0.233765
0.23188
0.230008
0.228149
0.226303
0.224469
0.222648
0.220839
0.219042
0.217256
0.215483
0.213721
0.21197
0.210231
0.208504
0.206787
0.205082
0.203388
0.201704
0.200032
0.198371
0.196721
0.195081
0.193453
0.191835
0.190228
0.188633
0.187048
0.185474
0.183912
0.18236
0.18082
0.179291
0.177774
0.176268
0.174774
0.173292
0.171822
0.170363
0.168916
0.167482
0.166059
0.164649
0.163251
0.161865
0.16049
0.159128
0.157778
0.156439
0.155112
0.153796
0.152491
0.151196
0.149913
0.148639
0.147374
0.146119
0.144873
0.143635
0.142406
0.141184
0.139969
0.138761
0.137559
0.136364
0.135174
0.133989
0.13281
0.131634
0.130464
0.129297
0.128135
0.126976
0.12582
0.124668
0.123518
0.122372
0.121229
0.120088
0.118951
0.117815
0.116683
0.115553
0.114425
0.1133
0.112177
0.111056
0.109938
0.108822
0.107708
0.106597
0.105487
0.104381
0.103276
0.102174
0.101074
0.0999765
0.0988814
0.0977888
0.0966988
0.0956114
0.0945266
0.0934446
0.0923654
0.091289
0.0902156
0.0891452
0.0880777
0.0870134
0.085952
0.0848938
0.0838386
0.0827865
0.0817373
0.0806911
0.0796478
0.0786072
0.0775693
0.0765339
0.075501
0.0744703
0.0734418
0.0724153
0.0713906
0.0703677
0.0693463
0.0683263
0.0673075
0.0662899
0.0652733
0.0642575
0.0632425
0.0622282
0.0612144
0.060201
0.0591881
0.0581755
0.0571632
0.056151
0.0551391
0.0541272
0.0531155
0.0521038
0.0510922
0.0500806
0.049069
0.0480574
0.0470458
0.0460343
0.0450227
0.0440111
0.0429994
0.0419878
0.0409761
0.0399645
0.0389528
0.0379411
0.0369294
0.0359176
0.0349059
0.0338942
0.0328824
0.0318707
0.0308589
0.0298472
0.0288354
0.0278237
0.0268119
0.0258001
0.0247884
0.0237766
0.0227648
0.021753
0.0207413
0.0197295
0.0187177
0.017706
0.0166942
0.0156824
0.0146707
0.0136589
0.0126471
0.0116353
0.0106236
0.00961181
0.00860004
0.00758827
0.0065765
0.00556473
0.00455296
0.00354119
0.00252942
0.00151764
0.000505874
0.555785
0.532929
0.501132
0.46995
0.443401
0.420883
0.40146
0.385064
0.371783
0.361328
0.353117
0.346541
0.341117
0.336494
0.332426
0.328738
0.325318
0.32209
0.31901
0.316047
0.313182
0.310401
0.307692
0.305047
0.302458
0.29992
0.297426
0.294972
0.292554
0.29017
0.287816
0.28549
0.28319
0.280915
0.278663
0.276433
0.274225
0.272036
0.269867
0.267716
0.265584
0.263469
0.261372
0.259291
0.257226
0.255177
0.253144
0.251126
0.249123
0.247135
0.245161
0.243201
0.241256
0.239324
0.237406
0.2355
0.233608
0.231729
0.229863
0.228009
0.226168
0.224339
0.222522
0.220717
0.218924
0.217142
0.215372
0.213614
0.211867
0.210131
0.208406
0.206693
0.20499
0.203299
0.201618
0.199949
0.19829
0.196642
0.195005
0.193379
0.191763
0.190159
0.188566
0.186983
0.185411
0.183851
0.182302
0.180764
0.179237
0.177722
0.176218
0.174726
0.173245
0.171777
0.17032
0.168875
0.167443
0.166022
0.164613
0.163217
0.161832
0.16046
0.159099
0.15775
0.156413
0.155087
0.153773
0.152469
0.151176
0.149893
0.14862
0.147356
0.146102
0.144857
0.14362
0.142391
0.14117
0.139955
0.138748
0.137547
0.136352
0.135162
0.133978
0.132799
0.131624
0.130453
0.129287
0.128125
0.126966
0.125811
0.124658
0.12351
0.122364
0.121221
0.12008
0.118943
0.117808
0.116675
0.115545
0.114418
0.113293
0.11217
0.11105
0.109932
0.108816
0.107703
0.106591
0.105483
0.104376
0.103272
0.10217
0.10107
0.0999732
0.0988786
0.0977864
0.0966967
0.0956097
0.0945254
0.0934438
0.0923649
0.091289
0.0902159
0.0891458
0.0880787
0.0870146
0.0859536
0.0848956
0.0838406
0.0827886
0.0817396
0.0806935
0.0796503
0.0786097
0.0775718
0.0765364
0.0755034
0.0744727
0.0734441
0.0724175
0.0713927
0.0703696
0.0693481
0.0683279
0.067309
0.0662913
0.0652745
0.0642586
0.0632435
0.062229
0.0612151
0.0602017
0.0591886
0.0581759
0.0571635
0.0561513
0.0551393
0.0541274
0.0531156
0.0521039
0.0510923
0.0500806
0.049069
0.0480574
0.0470459
0.0460343
0.0450227
0.044011
0.0429994
0.0419878
0.0409761
0.0399644
0.0389528
0.0379411
0.0369294
0.0359176
0.0349059
0.0338942
0.0328824
0.0318707
0.0308589
0.0298472
0.0288354
0.0278236
0.0268119
0.0258001
0.0247884
0.0237766
0.0227648
0.021753
0.0207413
0.0197295
0.0187177
0.017706
0.0166942
0.0156824
0.0146707
0.0136589
0.0126471
0.0116353
0.0106236
0.0096118
0.00860004
0.00758827
0.0065765
0.00556473
0.00455296
0.00354119
0.00252942
0.00151765
0.000505879
0.625073
0.573409
0.518831
0.476463
0.444327
0.417731
0.395467
0.377802
0.364542
0.354813
0.347568
0.341949
0.337355
0.3334
0.329844
0.326543
0.323418
0.320421
0.317526
0.314717
0.311983
0.309315
0.306705
0.304148
0.301636
0.299165
0.296732
0.294332
0.291962
0.289621
0.287305
0.285014
0.282745
0.280498
0.278272
0.276065
0.273877
0.271708
0.269556
0.267422
0.265305
0.263204
0.261119
0.259049
0.256995
0.254957
0.252933
0.250924
0.248929
0.246948
0.244982
0.243029
0.24109
0.239164
0.237251
0.235351
0.233464
0.23159
0.229728
0.227879
0.226042
0.224216
0.222403
0.220602
0.218812
0.217034
0.215267
0.213512
0.211768
0.210035
0.208313
0.206602
0.204902
0.203213
0.201535
0.199868
0.198211
0.196566
0.194931
0.193307
0.191694
0.190092
0.1885
0.18692
0.18535
0.183792
0.182245
0.180709
0.179184
0.177671
0.176169
0.174679
0.1732
0.171734
0.170279
0.168836
0.167405
0.165986
0.16458
0.163185
0.161802
0.160431
0.159072
0.157725
0.156389
0.155064
0.153751
0.152448
0.151156
0.149874
0.148602
0.14734
0.146086
0.144842
0.143605
0.142377
0.141156
0.139942
0.138735
0.137535
0.13634
0.135151
0.133967
0.132788
0.131613
0.130443
0.129277
0.128115
0.126956
0.125801
0.124649
0.123501
0.122355
0.121212
0.120072
0.118935
0.1178
0.116668
0.115538
0.114411
0.113286
0.112163
0.111043
0.109926
0.10881
0.107697
0.106586
0.105478
0.104371
0.103267
0.102166
0.101067
0.0999698
0.0988754
0.0977836
0.0966943
0.0956076
0.0945236
0.0934423
0.0923638
0.0912881
0.0902154
0.0891456
0.0880788
0.0870149
0.0859541
0.0848964
0.0838416
0.0827898
0.0817409
0.0806949
0.0796517
0.0786113
0.0775734
0.076538
0.075505
0.0744743
0.0734456
0.072419
0.0713941
0.070371
0.0693493
0.0683291
0.0673101
0.0662922
0.0652754
0.0642594
0.0632442
0.0622296
0.0612156
0.0602021
0.059189
0.0581763
0.0571638
0.0561516
0.0551395
0.0541276
0.0531157
0.052104
0.0510923
0.0500807
0.0490691
0.0480575
0.0470459
0.0460343
0.0450227
0.044011
0.0429994
0.0419878
0.0409761
0.0399644
0.0389527
0.0379411
0.0369293
0.0359176
0.0349059
0.0338942
0.0328824
0.0318707
0.0308589
0.0298472
0.0288354
0.0278236
0.0268119
0.0258001
0.0247883
0.0237766
0.0227648
0.021753
0.0207413
0.0197295
0.0187177
0.017706
0.0166942
0.0156824
0.0146707
0.0136589
0.0126471
0.0116353
0.0106236
0.0096118
0.00860004
0.00758827
0.0065765
0.00556473
0.00455296
0.00354119
0.00252942
0.00151765
0.000505881
0.746614
0.62906
0.539532
0.484508
0.445948
0.414449
0.388981
0.37
0.356736
0.347686
0.341413
0.336826
0.333181
0.33002
0.32709
0.324266
0.321498
0.31877
0.316082
0.313436
0.310833
0.308273
0.305754
0.303275
0.300832
0.298422
0.296042
0.293689
0.291362
0.289059
0.286778
0.284517
0.282277
0.280056
0.277853
0.275668
0.2735
0.271349
0.269214
0.267095
0.264992
0.262904
0.260832
0.258774
0.256731
0.254702
0.252688
0.250688
0.248701
0.246729
0.24477
0.242824
0.240891
0.238972
0.237065
0.235171
0.233289
0.23142
0.229563
0.227719
0.225886
0.224065
0.222256
0.220459
0.218673
0.216899
0.215135
0.213384
0.211643
0.209913
0.208194
0.206487
0.20479
0.203104
0.201429
0.199764
0.198111
0.196468
0.194835
0.193214
0.191603
0.190004
0.188415
0.186837
0.18527
0.183714
0.182169
0.180635
0.179113
0.177602
0.176103
0.174615
0.173139
0.171674
0.170222
0.168781
0.167352
0.165936
0.164531
0.163138
0.161757
0.160388
0.159031
0.157686
0.156352
0.155029
0.153717
0.152416
0.151126
0.149845
0.148575
0.147313
0.146061
0.144818
0.143583
0.142355
0.141135
0.139922
0.138716
0.137516
0.136322
0.135133
0.13395
0.132771
0.131597
0.130428
0.129262
0.1281
0.126942
0.125787
0.124636
0.123487
0.122342
0.1212
0.12006
0.118923
0.117788
0.116657
0.115527
0.1144
0.113276
0.112154
0.111034
0.109917
0.108801
0.107689
0.106578
0.10547
0.104364
0.10326
0.102159
0.10106
0.0999635
0.0988695
0.0977779
0.096689
0.0956026
0.0945189
0.0934379
0.0923598
0.0912844
0.090212
0.0891425
0.088076
0.0870125
0.0859519
0.0848944
0.0838399
0.0827884
0.0817397
0.0806939
0.0796509
0.0786106
0.0775729
0.0765377
0.0755048
0.0744742
0.0734456
0.072419
0.0713942
0.0703711
0.0693495
0.0683293
0.0673103
0.0662925
0.0652756
0.0642596
0.0632444
0.0622298
0.0612158
0.0602023
0.0591892
0.0581764
0.0571639
0.0561517
0.0551396
0.0541276
0.0531158
0.0521041
0.0510924
0.0500807
0.0490691
0.0480575
0.0470459
0.0460343
0.0450227
0.044011
0.0429994
0.0419878
0.0409761
0.0399644
0.0389527
0.0379411
0.0369293
0.0359176
0.0349059
0.0338942
0.0328824
0.0318707
0.0308589
0.0298472
0.0288354
0.0278236
0.0268119
0.0258001
0.0247883
0.0237766
0.0227648
0.021753
0.0207413
0.0197295
0.0187177
0.017706
0.0166942
0.0156824
0.0146707
0.0136589
0.0126471
0.0116353
0.0106236
0.0096118
0.00860004
0.00758827
0.0065765
0.00556473
0.00455296
0.00354119
0.00252942
0.00151765
0.000505881
)
;

boundaryField
{
    inlet
    {
        type            zeroGradient;
    }
    outlet
    {
        type            fixedValue;
        value           uniform 0;
    }
    bottomWall
    {
        type            zeroGradient;
    }
    topWall
    {
        type            zeroGradient;
    }
    front
    {
        type            empty;
    }
    back
    {
        type            empty;
    }
}


// ************************************************************************* //
