# Moment        
# CofR          : (2.00000000e-01 2.00000000e-01 5.00000000e-03)
#
# Time          	total_x total_y total_z	pressure_x pressure_y pressure_z	viscous_x viscous_y viscous_z
1                7.15937691e-06 1.97887412e-06 3.64703432e-05 6.61305357e-06 2.54124312e-06 5.03359391e-05 5.46323339e-07 -5.62369002e-07 -1.38655959e-05
2                9.94237773e-06 -2.36751543e-07 -4.11249260e-06 9.29477717e-06 7.82452279e-07 3.52196194e-05 6.47600561e-07 -1.01920382e-06 -3.93321120e-05
3                4.59146613e-06 -1.08237558e-06 -4.64933704e-05 4.98176077e-06 -8.07446133e-07 -2.39090113e-06 -3.90294643e-07 -2.74929452e-07 -4.41024693e-05
4                -2.47753409e-06 -1.39205031e-06 -4.44803754e-05 -1.33997596e-06 -1.76053109e-06 -1.14164915e-05 -1.13755812e-06 3.68480778e-07 -3.30638839e-05
5                -5.44655882e-06 -9.36704267e-07 -2.16802542e-05 -4.60388290e-06 -1.25683210e-06 5.30124372e-06 -8.42675923e-07 3.20127832e-07 -2.69814979e-05
6                -3.29075147e-06 -6.03794281e-07 -3.10316268e-05 -3.35073889e-06 -6.85899700e-07 -3.84668285e-06 5.99874159e-08 8.21054190e-08 -2.71849439e-05
7                4.62879556e-08 -1.67050887e-06 -1.36282236e-05 -5.67829628e-07 -1.59767466e-06 1.43634004e-05 6.14117584e-07 -7.28342097e-08 -2.79916240e-05
8                1.17699846e-06 -1.02177194e-06 -3.39485690e-05 5.80178976e-07 -1.04385836e-06 -1.15835970e-06 5.96819484e-07 2.20864189e-08 -3.27902093e-05
9                9.09094689e-07 2.56489898e-07 -2.95604309e-05 6.28023338e-07 2.99631050e-07 1.64165567e-06 2.81071352e-07 -4.31411522e-08 -3.12020865e-05
10               4.50282586e-07 9.56192846e-07 -3.46763763e-05 4.64220906e-07 1.05400016e-06 -6.69333908e-06 -1.39383203e-08 -9.78073107e-08 -2.79830373e-05
11               1.03934178e-07 1.04161329e-06 -1.65754211e-05 3.18810577e-07 1.16482936e-06 7.97096326e-06 -2.14876400e-07 -1.23216075e-07 -2.45463844e-05
12               1.72650701e-07 -3.01488437e-07 -1.44670735e-05 4.23905715e-07 -2.28869877e-07 1.35440351e-05 -2.51255014e-07 -7.26185601e-08 -2.80111086e-05
13               5.97100448e-08 -6.45772666e-07 -1.96890439e-05 2.37223530e-07 -6.25464322e-07 1.45078274e-05 -1.77513486e-07 -2.03083440e-08 -3.41968713e-05
14               5.75678951e-08 -4.60325028e-07 -4.57894765e-05 1.02074755e-07 -4.82400982e-07 -1.08191069e-05 -4.45068602e-08 2.20759544e-08 -3.49703696e-05
15               5.51221037e-09 -4.80416162e-07 -3.84726106e-05 -3.14841758e-08 -5.20617765e-07 -1.27265133e-05 3.69963862e-08 4.02016029e-08 -2.57460973e-05
16               -2.84036168e-07 3.69113310e-08 -2.84615603e-05 -3.37555051e-07 -1.79098846e-08 -1.05751395e-05 5.35188830e-08 5.48212157e-08 -1.78864208e-05
17               -2.41511130e-07 2.34015623e-07 -3.03309342e-06 -3.27243884e-07 2.86418364e-07 1.41787473e-05 8.57327540e-08 -5.24027411e-08 -1.72118407e-05
18               2.75715897e-07 2.20761096e-07 -1.23801202e-05 1.71972388e-07 3.37102615e-07 1.27728207e-05 1.03743509e-07 -1.16341518e-07 -2.51529409e-05
19               6.42818076e-07 5.06733117e-08 -1.91362738e-05 6.00830470e-07 1.73722277e-07 1.13308766e-05 4.19876053e-08 -1.23048965e-07 -3.04671504e-05
20               4.76598002e-07 -1.24733682e-07 -3.68571942e-05 5.42416762e-07 -6.64877542e-08 -6.34830577e-06 -6.58187597e-08 -5.82459282e-08 -3.05088884e-05
21               1.96635850e-07 -1.15422884e-07 -2.92070116e-05 3.07872529e-07 -8.80812253e-08 -4.33592059e-06 -1.11236680e-07 -2.73416588e-08 -2.48710910e-05
22               3.20243638e-08 3.38820250e-08 -2.33556135e-05 1.15704287e-07 5.11388390e-08 -1.05217444e-06 -8.36799236e-08 -1.72568140e-08 -2.23034391e-05
23               -1.66652594e-07 2.14795344e-08 -2.46389845e-05 -1.33733803e-07 6.24950620e-08 -4.05873984e-06 -3.29187910e-08 -4.10155276e-08 -2.05802446e-05
24               -1.73850681e-08 7.60163733e-08 -1.59254042e-05 -6.17913464e-08 1.57489412e-07 3.53205377e-06 4.44062784e-08 -8.14730385e-08 -1.94574580e-05
25               1.57210137e-07 2.58098777e-08 -1.56580263e-05 8.22725593e-08 1.25819895e-07 5.97314610e-06 7.49375779e-08 -1.00010018e-07 -2.16311724e-05
26               1.99389209e-07 -2.92099669e-08 -2.09538586e-05 1.48516047e-07 7.24782077e-08 2.31755802e-06 5.08731625e-08 -1.01688175e-07 -2.32714166e-05
27               2.24809757e-07 -8.43858767e-08 -2.28239031e-05 2.10280206e-07 7.43119206e-09 -7.82454013e-08 1.45295514e-08 -9.18170688e-08 -2.27456577e-05
28               2.16466069e-07 -6.19387177e-08 -2.17239141e-05 2.34603920e-07 2.09120317e-08 -9.60830942e-08 -1.81378519e-08 -8.28507494e-08 -2.16278310e-05
29               2.01771533e-07 -2.76425329e-08 -1.97418874e-05 2.32212871e-07 4.52471383e-08 1.45971208e-06 -3.04413385e-08 -7.28896713e-08 -2.12015995e-05
30               9.67842462e-08 -5.26407791e-11 -2.07443519e-05 1.25057021e-07 7.47196744e-08 4.25285332e-07 -2.82727744e-08 -7.47723152e-08 -2.11696372e-05
31               1.07378242e-07 -1.02275581e-08 -1.97378077e-05 1.10351950e-07 7.67239531e-08 1.07681005e-06 -2.97370733e-09 -8.69515112e-08 -2.08146178e-05
32               1.38552167e-07 -1.43560817e-08 -1.82019764e-05 1.20984150e-07 8.21905794e-08 2.96426696e-06 1.75680168e-08 -9.65466611e-08 -2.11662433e-05
33               1.41328963e-07 -1.20275532e-08 -1.95174153e-05 1.21581070e-07 8.89762423e-08 2.54565120e-06 1.97478927e-08 -1.01003796e-07 -2.20630665e-05
34               1.39415955e-07 -1.05071520e-08 -2.18620531e-05 1.28505977e-07 9.22965349e-08 3.07822086e-07 1.09099776e-08 -1.02803687e-07 -2.21698752e-05
35               1.56143690e-07 -2.33369244e-08 -2.18157172e-05 1.53440895e-07 7.90012529e-08 -5.27757879e-07 2.70279521e-09 -1.02338177e-07 -2.12879593e-05
36               1.76600587e-07 -3.08138117e-08 -1.97953972e-05 1.79381347e-07 7.02075277e-08 7.78776355e-07 -2.78075979e-09 -1.01021339e-07 -2.05741735e-05
37               1.75010811e-07 -2.96600614e-08 -1.90380300e-05 1.80153681e-07 6.95043468e-08 1.60676492e-06 -5.14287017e-09 -9.91644082e-08 -2.06447949e-05
38               1.57769740e-07 -2.58333987e-08 -1.91929391e-05 1.61603932e-07 7.54251378e-08 1.83020192e-06 -3.83419215e-09 -1.01258537e-07 -2.10231411e-05
39               1.49011645e-07 -2.57470023e-08 -1.94278573e-05 1.48448438e-07 7.90249085e-08 2.01668289e-06 5.63207146e-10 -1.04771911e-07 -2.14445402e-05
40               1.41756184e-07 -2.59051401e-08 -2.01995609e-05 1.39247743e-07 8.07024695e-08 1.57918438e-06 2.50844092e-09 -1.06607610e-07 -2.17787453e-05
41               1.35001895e-07 -2.21211312e-08 -2.09984126e-05 1.33274521e-07 8.44619436e-08 7.35794860e-07 1.72737455e-09 -1.06583075e-07 -2.17342074e-05
42               1.32264903e-07 -2.31612932e-08 -2.09544400e-05 1.31067204e-07 8.41685624e-08 3.70459856e-07 1.19769952e-09 -1.07329856e-07 -2.13248999e-05
43               1.40397574e-07 -3.21915745e-08 -2.03059566e-05 1.38030201e-07 7.70349929e-08 6.04923313e-07 2.36737241e-09 -1.09226567e-07 -2.09108799e-05
44               1.54632215e-07 -3.60564400e-08 -1.95323833e-05 1.51116056e-07 7.48887094e-08 1.25487122e-06 3.51615904e-09 -1.10945149e-07 -2.07872545e-05
45               1.58254154e-07 -3.25562575e-08 -1.92774973e-05 1.55712782e-07 7.98150771e-08 1.72819811e-06 2.54137277e-09 -1.12371335e-07 -2.10056954e-05
46               1.55820588e-07 -2.93489120e-08 -1.97159518e-05 1.55813590e-07 8.29115753e-08 1.59002519e-06 6.99863052e-12 -1.12260487e-07 -2.13059770e-05
47               1.50253084e-07 -2.54808403e-08 -1.99712134e-05 1.52639007e-07 8.67179025e-08 1.51678663e-06 -2.38592328e-09 -1.12198743e-07 -2.14880000e-05
48               1.47365796e-07 -2.51207089e-08 -2.03760296e-05 1.50690054e-07 8.66030989e-08 1.17640310e-06 -3.32425751e-09 -1.11723808e-07 -2.15524327e-05
49               1.39671914e-07 -2.78489620e-08 -2.04130442e-05 1.42456254e-07 8.47912104e-08 1.05078572e-06 -2.78433962e-09 -1.12640172e-07 -2.14638299e-05
50               1.43321656e-07 -3.53054494e-08 -2.03059876e-05 1.44037924e-07 7.85871853e-08 1.04223821e-06 -7.16268000e-10 -1.13892635e-07 -2.13482258e-05
51               1.47016230e-07 -3.80752024e-08 -2.00702760e-05 1.46497657e-07 7.63745737e-08 1.21629030e-06 5.18573164e-10 -1.14449776e-07 -2.12865663e-05
52               1.46513800e-07 -3.42588885e-08 -1.98552436e-05 1.46006949e-07 8.05649549e-08 1.50330015e-06 5.06850623e-10 -1.14823843e-07 -2.13585437e-05
53               1.47692948e-07 -2.97395451e-08 -2.00023649e-05 1.47970775e-07 8.52178191e-08 1.51978687e-06 -2.77826646e-10 -1.14957364e-07 -2.15221518e-05
54               1.47686318e-07 -2.76476490e-08 -2.01972937e-05 1.49204609e-07 8.76733668e-08 1.44705389e-06 -1.51829086e-09 -1.15321016e-07 -2.16443476e-05
55               1.47063059e-07 -3.11561958e-08 -2.03819422e-05 1.49456854e-07 8.41707091e-08 1.30907230e-06 -2.39379449e-09 -1.15326905e-07 -2.16910145e-05
56               1.43608515e-07 -3.26265966e-08 -2.03904374e-05 1.46357545e-07 8.27375820e-08 1.29286076e-06 -2.74903011e-09 -1.15364179e-07 -2.16832982e-05
57               1.43212851e-07 -3.43722477e-08 -2.04009065e-05 1.45595740e-07 8.12723776e-08 1.27374474e-06 -2.38288815e-09 -1.15644625e-07 -2.16746512e-05
58               1.43468033e-07 -3.47462053e-08 -2.03866023e-05 1.45464328e-07 8.11125816e-08 1.27697076e-06 -1.99629583e-09 -1.15858787e-07 -2.16635731e-05
59               1.42962238e-07 -3.30528320e-08 -2.03025935e-05 1.44782423e-07 8.29018057e-08 1.37265139e-06 -1.82018504e-09 -1.15954638e-07 -2.16752448e-05
60               1.42727486e-07 -3.07839043e-08 -2.02943835e-05 1.44601389e-07 8.52102014e-08 1.43687534e-06 -1.87390247e-09 -1.15994106e-07 -2.17312588e-05
61               1.43228443e-07 -2.98221370e-08 -2.03651839e-05 1.45327862e-07 8.64467235e-08 1.43240745e-06 -2.09941930e-09 -1.16268861e-07 -2.17975914e-05
62               1.44137755e-07 -3.14527597e-08 -2.04325348e-05 1.46438006e-07 8.50540712e-08 1.41444314e-06 -2.30025137e-09 -1.16506831e-07 -2.18469780e-05
63               1.43736098e-07 -3.31990027e-08 -2.04958806e-05 1.46326554e-07 8.32421053e-08 1.38110508e-06 -2.59045525e-09 -1.16441108e-07 -2.18769856e-05
64               1.41992913e-07 -3.32558089e-08 -2.05386326e-05 1.44826386e-07 8.28783025e-08 1.34658856e-06 -2.83347233e-09 -1.16134111e-07 -2.18852212e-05
65               1.46282058e-07 -3.21941092e-08 -2.05346838e-05 1.49175414e-07 8.39545833e-08 1.34600318e-06 -2.89335632e-09 -1.16148693e-07 -2.18806870e-05
66               1.42845826e-07 -3.16256588e-08 -2.04980638e-05 1.45847000e-07 8.42642610e-08 1.38862957e-06 -3.00117402e-09 -1.15889920e-07 -2.18866934e-05
67               1.40444009e-07 -3.08993745e-08 -2.04972961e-05 1.43341212e-07 8.49331680e-08 1.41346370e-06 -2.89720319e-09 -1.15832543e-07 -2.19107598e-05
68               1.44273488e-07 -3.15746918e-08 -2.05188314e-05 1.46965468e-07 8.44868489e-08 1.42148076e-06 -2.69198008e-09 -1.16061541e-07 -2.19403122e-05
69               1.42786535e-07 -3.18504465e-08 -2.05345661e-05 1.45578909e-07 8.41515911e-08 1.43533686e-06 -2.79237431e-09 -1.16002038e-07 -2.19699030e-05
70               1.41417865e-07 -3.17566779e-08 -2.05791547e-05 1.44343708e-07 8.40686598e-08 1.41715110e-06 -2.92584308e-09 -1.15825338e-07 -2.19963058e-05
71               1.43656771e-07 -3.06680164e-08 -2.05976556e-05 1.46735762e-07 8.51241378e-08 1.41434880e-06 -3.07899096e-09 -1.15792154e-07 -2.20120044e-05
72               1.41498639e-07 -2.97181257e-08 -2.06297639e-05 1.44784883e-07 8.55570002e-08 1.38949237e-06 -3.28624382e-09 -1.15275126e-07 -2.20192563e-05
73               1.43826984e-07 -2.89433176e-08 -2.06242924e-05 1.47175337e-07 8.63694868e-08 1.39236391e-06 -3.34835299e-09 -1.15312804e-07 -2.20166563e-05
74               1.40603862e-07 -3.01630076e-08 -2.06133112e-05 1.43826518e-07 8.51853523e-08 1.40490117e-06 -3.22265618e-09 -1.15348360e-07 -2.20182124e-05
75               1.39973815e-07 -3.17627874e-08 -2.06010652e-05 1.42852706e-07 8.36609782e-08 1.42646174e-06 -2.87889051e-09 -1.15423766e-07 -2.20275270e-05
76               1.39695420e-07 -3.17769448e-08 -2.06015367e-05 1.42439989e-07 8.34434151e-08 1.44458758e-06 -2.74456949e-09 -1.15220360e-07 -2.20461243e-05
77               1.41599353e-07 -3.05415035e-08 -2.06239629e-05 1.44460574e-07 8.45452617e-08 1.44341801e-06 -2.86122102e-09 -1.15086765e-07 -2.20673809e-05
78               1.39957433e-07 -2.92552271e-08 -2.06547400e-05 1.43043216e-07 8.54079552e-08 1.42571788e-06 -3.08578274e-09 -1.14663182e-07 -2.20804579e-05
79               1.41650664e-07 -2.86113700e-08 -2.06542330e-05 1.44835468e-07 8.61045561e-08 1.43252543e-06 -3.18480382e-09 -1.14715926e-07 -2.20867584e-05
80               1.39368694e-07 -2.94503638e-08 -2.06632052e-05 1.42530170e-07 8.52837143e-08 1.43139422e-06 -3.16147579e-09 -1.14734078e-07 -2.20945994e-05
81               1.38818396e-07 -3.06981867e-08 -2.06716831e-05 1.41779991e-07 8.40422433e-08 1.42810781e-06 -2.96159564e-09 -1.14740430e-07 -2.20997910e-05
82               1.38393371e-07 -3.06499266e-08 -2.06764300e-05 1.41266153e-07 8.38232019e-08 1.42548148e-06 -2.87278183e-09 -1.14473129e-07 -2.21019114e-05
83               1.40394057e-07 -2.93302633e-08 -2.06750378e-05 1.43307985e-07 8.50163458e-08 1.42764843e-06 -2.91392852e-09 -1.14346609e-07 -2.21026862e-05
84               1.38552635e-07 -2.85196148e-08 -2.06594645e-05 1.41556681e-07 8.56144147e-08 1.44889718e-06 -3.00404553e-09 -1.14134029e-07 -2.21083617e-05
85               1.39604505e-07 -2.90355268e-08 -2.06705861e-05 1.42598253e-07 8.51772812e-08 1.44975662e-06 -2.99374792e-09 -1.14212808e-07 -2.21203428e-05
86               1.38079591e-07 -2.93955196e-08 -2.06856167e-05 1.41032909e-07 8.46428863e-08 1.44257460e-06 -2.95331866e-09 -1.14038406e-07 -2.21281913e-05
87               1.39758629e-07 -2.93642303e-08 -2.06871862e-05 1.42654697e-07 8.46211893e-08 1.44528357e-06 -2.89606809e-09 -1.13985420e-07 -2.21324698e-05
88               1.37850186e-07 -2.84783317e-08 -2.07016383e-05 1.40819067e-07 8.51411723e-08 1.43210505e-06 -2.96888173e-09 -1.13619504e-07 -2.21337433e-05
89               1.39275845e-07 -2.78536668e-08 -2.06931447e-05 1.42248445e-07 8.57169467e-08 1.43746391e-06 -2.97260063e-09 -1.13570614e-07 -2.21306087e-05
90               1.39567327e-07 -2.81713061e-08 -2.06899234e-05 1.42546517e-07 8.53926705e-08 1.44044526e-06 -2.97918936e-09 -1.13563977e-07 -2.21303686e-05
91               1.37082740e-07 -2.86857967e-08 -2.06765966e-05 1.40039923e-07 8.47279258e-08 1.45725679e-06 -2.95718294e-09 -1.13413722e-07 -2.21338534e-05
92               1.37916738e-07 -2.87219263e-08 -2.06871329e-05 1.40777858e-07 8.46327552e-08 1.45431879e-06 -2.86111938e-09 -1.13354682e-07 -2.21414517e-05
93               1.36604965e-07 -2.79215184e-08 -2.07034038e-05 1.39428705e-07 8.50732307e-08 1.43928394e-06 -2.82374016e-09 -1.12994749e-07 -2.21426877e-05
94               1.38119824e-07 -2.72948427e-08 -2.06943814e-05 1.40902113e-07 8.56585479e-08 1.44430326e-06 -2.78228924e-09 -1.12953391e-07 -2.21386847e-05
95               1.38697534e-07 -2.76595309e-08 -2.06888691e-05 1.41466276e-07 8.53060871e-08 1.44928304e-06 -2.76874222e-09 -1.12965618e-07 -2.21381521e-05
96               1.36739568e-07 -2.82313122e-08 -2.06870838e-05 1.39535879e-07 8.46583191e-08 1.45202417e-06 -2.79631098e-09 -1.12889631e-07 -2.21391080e-05
97               1.37416533e-07 -2.81778972e-08 -2.06884542e-05 1.40183342e-07 8.46457745e-08 1.45167216e-06 -2.76680889e-09 -1.12823672e-07 -2.21401263e-05
98               1.35920665e-07 -2.73517787e-08 -2.06905099e-05 1.38722168e-07 8.51054390e-08 1.44898593e-06 -2.80150235e-09 -1.12457218e-07 -2.21394958e-05
99               1.36881858e-07 -2.65222502e-08 -2.06871851e-05 1.39671903e-07 8.58750268e-08 1.45036555e-06 -2.79004523e-09 -1.12397277e-07 -2.21375506e-05
100              1.37345131e-07 -2.67865396e-08 -2.06844147e-05 1.40046968e-07 8.56346895e-08 1.45217437e-06 -2.70183677e-09 -1.12421229e-07 -2.21365890e-05
101              1.35725612e-07 -2.74427464e-08 -2.06838747e-05 1.38360102e-07 8.48909461e-08 1.45119616e-06 -2.63448976e-09 -1.12333693e-07 -2.21350708e-05
102              1.36657299e-07 -2.76226035e-08 -2.06802217e-05 1.39226522e-07 8.46657609e-08 1.45268559e-06 -2.56922303e-09 -1.12288364e-07 -2.21329073e-05
103              1.35338856e-07 -2.69479142e-08 -2.06816822e-05 1.37941082e-07 8.50800895e-08 1.44815948e-06 -2.60222561e-09 -1.12028004e-07 -2.21298417e-05
104              1.36189220e-07 -2.65159532e-08 -2.06749817e-05 1.38795502e-07 8.54558315e-08 1.45015370e-06 -2.60628210e-09 -1.11971785e-07 -2.21251354e-05
105              1.36420369e-07 -2.65751947e-08 -2.06696321e-05 1.39036160e-07 8.53765572e-08 1.45210948e-06 -2.61579095e-09 -1.11951752e-07 -2.21217416e-05
106              1.35013524e-07 -2.64339649e-08 -2.06639920e-05 1.37626624e-07 8.53397639e-08 1.45530296e-06 -2.61309970e-09 -1.11773729e-07 -2.21192949e-05
107              1.35717539e-07 -2.63595274e-08 -2.06603555e-05 1.38294825e-07 8.53848889e-08 1.45753085e-06 -2.57728558e-09 -1.11744416e-07 -2.21178864e-05
108              1.36008906e-07 -2.66421831e-08 -2.06586541e-05 1.38558591e-07 8.50669889e-08 1.45851974e-06 -2.54968475e-09 -1.11709172e-07 -2.21171738e-05
109              1.34627930e-07 -2.62726600e-08 -2.06663062e-05 1.37176376e-07 8.52220302e-08 1.44723069e-06 -2.54844613e-09 -1.11494690e-07 -2.21135368e-05
110              1.35390109e-07 -2.60190058e-08 -2.06555412e-05 1.37907892e-07 8.54284444e-08 1.45059300e-06 -2.51778308e-09 -1.11447450e-07 -2.21061342e-05
111              1.35600321e-07 -2.61151133e-08 -2.06485997e-05 1.38111911e-07 8.52991035e-08 1.45238590e-06 -2.51158981e-09 -1.11414217e-07 -2.21009856e-05
112              1.34209638e-07 -2.59189959e-08 -2.06412753e-05 1.36717394e-07 8.53178327e-08 1.45578280e-06 -2.50775614e-09 -1.11236829e-07 -2.20970581e-05
113              1.34785984e-07 -2.57838901e-08 -2.06374451e-05 1.37255965e-07 8.54165864e-08 1.45668707e-06 -2.46998101e-09 -1.11200477e-07 -2.20941322e-05
114              1.35031530e-07 -2.59835750e-08 -2.06343255e-05 1.37466234e-07 8.51872947e-08 1.45710537e-06 -2.43470423e-09 -1.11170870e-07 -2.20914308e-05
115              1.33880935e-07 -2.57334898e-08 -2.06373457e-05 1.36304566e-07 8.52693288e-08 1.44933262e-06 -2.42363085e-09 -1.11002819e-07 -2.20866783e-05
116              1.34548306e-07 -2.55751915e-08 -2.06271481e-05 1.36945054e-07 8.53919665e-08 1.45238041e-06 -2.39674870e-09 -1.10967158e-07 -2.20795285e-05
117              1.34751320e-07 -2.56714973e-08 -2.06201178e-05 1.37151710e-07 8.52635012e-08 1.45429506e-06 -2.40039068e-09 -1.10934998e-07 -2.20744129e-05
118              1.33543242e-07 -2.54332312e-08 -2.06161544e-05 1.35956760e-07 8.53325405e-08 1.45342717e-06 -2.41351703e-09 -1.10765772e-07 -2.20695816e-05
119              1.34053710e-07 -2.52330558e-08 -2.06097631e-05 1.36443357e-07 8.54970505e-08 1.45467716e-06 -2.38964693e-09 -1.10730106e-07 -2.20644402e-05
120              1.34242303e-07 -2.53865633e-08 -2.06050476e-05 1.36602611e-07 8.53221197e-08 1.45488457e-06 -2.36030841e-09 -1.10708683e-07 -2.20599322e-05
121              1.33212335e-07 -2.52419744e-08 -2.06044777e-05 1.35556137e-07 8.53249728e-08 1.44960325e-06 -2.34380215e-09 -1.10566947e-07 -2.20540810e-05
122              1.33791654e-07 -2.51431594e-08 -2.05948602e-05 1.36104851e-07 8.53916972e-08 1.45179319e-06 -2.31319683e-09 -1.10534857e-07 -2.20466534e-05
123              1.33995662e-07 -2.52542629e-08 -2.05873520e-05 1.36303920e-07 8.52483272e-08 1.45348860e-06 -2.30825797e-09 -1.10502590e-07 -2.20408406e-05
124              1.32922958e-07 -2.50195887e-08 -2.05830132e-05 1.35241880e-07 8.53369683e-08 1.45223021e-06 -2.31892174e-09 -1.10356557e-07 -2.20352434e-05
125              1.33359415e-07 -2.48460596e-08 -2.05757209e-05 1.35658875e-07 8.54778887e-08 1.45359120e-06 -2.29946076e-09 -1.10323948e-07 -2.20293121e-05
126              1.33512035e-07 -2.49357264e-08 -2.05701907e-05 1.35794922e-07 8.53657741e-08 1.45396087e-06 -2.28288703e-09 -1.10301501e-07 -2.20241516e-05
127              1.32544004e-07 -2.49393292e-08 -2.05687563e-05 1.34819312e-07 8.52302496e-08 1.44907528e-06 -2.27530731e-09 -1.10169579e-07 -2.20178316e-05
128              1.33092142e-07 -2.47367338e-08 -2.05595043e-05 1.35334160e-07 8.53977065e-08 1.45058808e-06 -2.24201828e-09 -1.10134440e-07 -2.20100923e-05
129              1.32217010e-07 -2.47329316e-08 -2.05532262e-05 1.34432786e-07 8.53253320e-08 1.44983867e-06 -2.21577608e-09 -1.10058264e-07 -2.20030648e-05
130              1.32835816e-07 -2.47620862e-08 -2.05454031e-05 1.34995629e-07 8.52941919e-08 1.45072728e-06 -2.15981356e-09 -1.10056278e-07 -2.19961304e-05
131              1.32175540e-07 -2.47776141e-08 -2.05393520e-05 1.34340262e-07 8.52016347e-08 1.45002674e-06 -2.16472243e-09 -1.09979249e-07 -2.19893787e-05
132              1.32575065e-07 -2.46978764e-08 -2.05322033e-05 1.34736245e-07 8.52524246e-08 1.45030591e-06 -2.16118064e-09 -1.09950301e-07 -2.19825092e-05
133              1.31968190e-07 -2.45447913e-08 -2.05259967e-05 1.34146239e-07 8.52977419e-08 1.44971372e-06 -2.17804852e-09 -1.09842533e-07 -2.19757105e-05
134              1.32410187e-07 -2.43215967e-08 -2.05185033e-05 1.34582948e-07 8.54984319e-08 1.45044020e-06 -2.17276069e-09 -1.09820029e-07 -2.19689435e-05
135              1.31793967e-07 -2.43657203e-08 -2.05146619e-05 1.33959259e-07 8.53841684e-08 1.44709696e-06 -2.16529218e-09 -1.09749889e-07 -2.19617589e-05
136              1.32343390e-07 -2.43570662e-08 -2.05052558e-05 1.34476468e-07 8.53868221e-08 1.44861202e-06 -2.13307843e-09 -1.09743888e-07 -2.19538678e-05
137              1.31716380e-07 -2.44365163e-08 -2.04990252e-05 1.33851763e-07 8.52308608e-08 1.44744325e-06 -2.13538293e-09 -1.09667377e-07 -2.19464685e-05
138              1.32125957e-07 -2.43578300e-08 -2.04911057e-05 1.34246765e-07 8.52789398e-08 1.44781889e-06 -2.12080857e-09 -1.09636770e-07 -2.19389246e-05
139              1.31465097e-07 -2.42225735e-08 -2.04839235e-05 1.33591538e-07 8.53232206e-08 1.44777166e-06 -2.12644135e-09 -1.09545794e-07 -2.19316952e-05
140              1.31843879e-07 -2.40859682e-08 -2.04767220e-05 1.33951842e-07 8.54399061e-08 1.44784189e-06 -2.10796275e-09 -1.09525874e-07 -2.19245639e-05
141              1.31322417e-07 -2.40555645e-08 -2.04720401e-05 1.33424324e-07 8.53977321e-08 1.44485438e-06 -2.10190712e-09 -1.09453297e-07 -2.19168945e-05
142              1.31795457e-07 -2.39899774e-08 -2.04623728e-05 1.33875958e-07 8.54515100e-08 1.44628798e-06 -2.08050074e-09 -1.09441487e-07 -2.19086608e-05
143              1.31284183e-07 -2.40297830e-08 -2.04555286e-05 1.33369672e-07 8.53472207e-08 1.44549703e-06 -2.08548879e-09 -1.09377004e-07 -2.19010257e-05
144              1.31671845e-07 -2.39698930e-08 -2.04473344e-05 1.33747803e-07 8.53857150e-08 1.44614329e-06 -2.07595790e-09 -1.09355608e-07 -2.18934777e-05
145              1.31105177e-07 -2.39149972e-08 -2.04412698e-05 1.33192001e-07 8.53618320e-08 1.44473808e-06 -2.08682452e-09 -1.09276829e-07 -2.18860079e-05
146              1.31436282e-07 -2.38133768e-08 -2.04333196e-05 1.33510412e-07 8.54425371e-08 1.44490414e-06 -2.07413083e-09 -1.09255914e-07 -2.18782238e-05
147              1.30929344e-07 -2.37698237e-08 -2.04272788e-05 1.32998266e-07 8.54181842e-08 1.44303882e-06 -2.06892243e-09 -1.09188008e-07 -2.18703176e-05
148              1.31330178e-07 -2.36999043e-08 -2.04182057e-05 1.33376920e-07 8.54753790e-08 1.44394410e-06 -2.04674210e-09 -1.09175283e-07 -2.18621498e-05
149              1.30872101e-07 -2.37103225e-08 -2.04115396e-05 1.32919142e-07 8.54075572e-08 1.44274684e-06 -2.04704113e-09 -1.09117880e-07 -2.18542865e-05
150              1.31232525e-07 -2.36613006e-08 -2.04028520e-05 1.33267702e-07 8.54401469e-08 1.44354955e-06 -2.03517674e-09 -1.09101448e-07 -2.18464016e-05
151              1.30755353e-07 -2.36272837e-08 -2.03961863e-05 1.32800852e-07 8.54090622e-08 1.44261629e-06 -2.04549969e-09 -1.09036346e-07 -2.18388025e-05
152              1.31051190e-07 -2.35416047e-08 -2.03882281e-05 1.33088472e-07 8.54760402e-08 1.44290044e-06 -2.03728183e-09 -1.09017645e-07 -2.18311286e-05
153              1.30603827e-07 -2.35014836e-08 -2.03821597e-05 1.32641360e-07 8.54536881e-08 1.44124457e-06 -2.03753312e-09 -1.08955172e-07 -2.18234043e-05
154              1.30938279e-07 -2.34300574e-08 -2.03735795e-05 1.32959477e-07 8.55122419e-08 1.44184690e-06 -2.02119750e-09 -1.08942299e-07 -2.18154264e-05
155              1.30525475e-07 -2.34359119e-08 -2.03675009e-05 1.32545280e-07 8.54546628e-08 1.44001227e-06 -2.01980560e-09 -1.08890575e-07 -2.18075131e-05
156              1.30859236e-07 -2.33960392e-08 -2.03585592e-05 1.32865091e-07 8.54813180e-08 1.44080085e-06 -2.00585515e-09 -1.08877357e-07 -2.17993601e-05
157              1.30436241e-07 -2.33772670e-08 -2.03515320e-05 1.32449498e-07 8.54452070e-08 1.44006753e-06 -2.01325725e-09 -1.08822474e-07 -2.17915995e-05
158              1.30708335e-07 -2.33061199e-08 -2.03434650e-05 1.32713743e-07 8.54995603e-08 1.44042080e-06 -2.00540864e-09 -1.08805680e-07 -2.17838858e-05
159              1.30305876e-07 -2.32659223e-08 -2.03368174e-05 1.32314224e-07 8.54848478e-08 1.43950120e-06 -2.00834775e-09 -1.08750770e-07 -2.17763186e-05
160              1.30583467e-07 -2.31983526e-08 -2.03288062e-05 1.32579418e-07 8.55402265e-08 1.43991472e-06 -1.99595114e-09 -1.08738579e-07 -2.17687210e-05
161              1.30224486e-07 -2.31945995e-08 -2.03230346e-05 1.32219268e-07 8.54972653e-08 1.43804412e-06 -1.99478238e-09 -1.08691865e-07 -2.17610787e-05
162              1.30521212e-07 -2.31550134e-08 -2.03143968e-05 1.32503402e-07 8.55258915e-08 1.43876245e-06 -1.98219061e-09 -1.08680905e-07 -2.17531592e-05
163              1.30158040e-07 -2.31476332e-08 -2.03079146e-05 1.32145988e-07 8.54860944e-08 1.43760929e-06 -1.98794792e-09 -1.08633728e-07 -2.17455239e-05
164              1.30410807e-07 -2.30900837e-08 -2.02997881e-05 1.32391527e-07 8.55292550e-08 1.43802695e-06 -1.98071994e-09 -1.08619339e-07 -2.17378150e-05
165              1.30044564e-07 -2.30591396e-08 -2.02930891e-05 1.32029564e-07 8.55122605e-08 1.43725343e-06 -1.98500037e-09 -1.08571400e-07 -2.17303426e-05
166              1.30285528e-07 -2.29991385e-08 -2.02853131e-05 1.32260082e-07 8.55607214e-08 1.43757453e-06 -1.97455425e-09 -1.08559860e-07 -2.17228876e-05
167              1.29959179e-07 -2.29894484e-08 -2.02792046e-05 1.31932766e-07 8.55289322e-08 1.43628949e-06 -1.97358780e-09 -1.08518381e-07 -2.17154941e-05
168              1.30215878e-07 -2.29513421e-08 -2.02711271e-05 1.32177710e-07 8.55575254e-08 1.43687039e-06 -1.96183162e-09 -1.08508868e-07 -2.17079975e-05
169              1.29905270e-07 -2.29436521e-08 -2.02649969e-05 1.31871027e-07 8.55248579e-08 1.43571001e-06 -1.96575719e-09 -1.08468510e-07 -2.17007069e-05
170              1.30133950e-07 -2.28969169e-08 -2.02571832e-05 1.32093153e-07 8.55597654e-08 1.43615284e-06 -1.95920280e-09 -1.08456682e-07 -2.16933361e-05
171              1.29817953e-07 -2.28730126e-08 -2.02510026e-05 1.31782543e-07 8.55414745e-08 1.43515290e-06 -1.96458901e-09 -1.08414487e-07 -2.16861555e-05
172              1.30031375e-07 -2.28177938e-08 -2.02434444e-05 1.31988281e-07 8.55859667e-08 1.43547252e-06 -1.95690581e-09 -1.08403761e-07 -2.16789169e-05
173              1.29733800e-07 -2.28101855e-08 -2.02373953e-05 1.31690881e-07 8.55570175e-08 1.43441219e-06 -1.95708156e-09 -1.08367203e-07 -2.16718075e-05
174              1.29957644e-07 -2.27755680e-08 -2.02297827e-05 1.31903819e-07 8.55832962e-08 1.43486728e-06 -1.94617486e-09 -1.08358864e-07 -2.16646500e-05
175              1.29680730e-07 -2.27686949e-08 -2.02237986e-05 1.31629103e-07 8.55556089e-08 1.43388930e-06 -1.94837359e-09 -1.08324304e-07 -2.16576879e-05
176              1.29885806e-07 -2.27308984e-08 -2.02163912e-05 1.31827284e-07 8.55835507e-08 1.43430628e-06 -1.94147784e-09 -1.08314449e-07 -2.16506975e-05
177              1.29613433e-07 -2.27092805e-08 -2.02104705e-05 1.31559948e-07 8.55685636e-08 1.43343655e-06 -1.94651503e-09 -1.08277844e-07 -2.16439070e-05
178              1.29801310e-07 -2.26600069e-08 -2.02033441e-05 1.31741984e-07 8.56082515e-08 1.43375471e-06 -1.94067435e-09 -1.08268258e-07 -2.16370988e-05
179              1.29540060e-07 -2.26528293e-08 -2.01976773e-05 1.31482206e-07 8.55832922e-08 1.43273878e-06 -1.94214677e-09 -1.08236121e-07 -2.16304161e-05
180              1.29735185e-07 -2.26202409e-08 -2.01905564e-05 1.31668305e-07 8.56085510e-08 1.43312084e-06 -1.93312027e-09 -1.08228792e-07 -2.16236772e-05
181              1.29489018e-07 -2.26157311e-08 -2.01849602e-05 1.31423960e-07 8.55832188e-08 1.43214036e-06 -1.93494245e-09 -1.08198950e-07 -2.16171006e-05
182              1.29672495e-07 -2.25842253e-08 -2.01779610e-05 1.31600686e-07 8.56064610e-08 1.43252018e-06 -1.92819138e-09 -1.08190686e-07 -2.16104812e-05
183              1.29432691e-07 -2.25665986e-08 -2.01722858e-05 1.31365072e-07 8.55925763e-08 1.43179495e-06 -1.93238089e-09 -1.08159175e-07 -2.16040807e-05
184              1.29599243e-07 -2.25243231e-08 -2.01656094e-05 1.31526402e-07 8.56264421e-08 1.43209535e-06 -1.92715919e-09 -1.08150765e-07 -2.15977047e-05
185              1.29369733e-07 -2.25170824e-08 -2.01602130e-05 1.31298732e-07 8.56058107e-08 1.43126354e-06 -1.92899896e-09 -1.08122893e-07 -2.15914766e-05
186              1.29539278e-07 -2.24877694e-08 -2.01536441e-05 1.31460700e-07 8.56286792e-08 1.43158999e-06 -1.92142158e-09 -1.08116449e-07 -2.15852341e-05
187              1.29324152e-07 -2.24829889e-08 -2.01484730e-05 1.31247473e-07 8.56075886e-08 1.43065119e-06 -1.92332078e-09 -1.08090577e-07 -2.15791242e-05
188              1.29486250e-07 -2.24553125e-08 -2.01419710e-05 1.31403641e-07 8.56282680e-08 1.43099592e-06 -1.91739153e-09 -1.08083580e-07 -2.15729669e-05
189              1.29276580e-07 -2.24415564e-08 -2.01367273e-05 1.31197737e-07 8.56149276e-08 1.43028082e-06 -1.92115707e-09 -1.08056484e-07 -2.15670081e-05
190              1.29424722e-07 -2.24050128e-08 -2.01305003e-05 1.31341225e-07 8.56442298e-08 1.43056559e-06 -1.91650298e-09 -1.08049243e-07 -2.15610659e-05
191              1.29222247e-07 -2.23997248e-08 -2.01254292e-05 1.31140671e-07 8.56255960e-08 1.42985756e-06 -1.91842453e-09 -1.08025321e-07 -2.15552868e-05
192              1.29370423e-07 -2.23744556e-08 -2.01193779e-05 1.31282238e-07 8.56452308e-08 1.43013980e-06 -1.91181589e-09 -1.08019686e-07 -2.15495177e-05
193              1.29181681e-07 -2.23691584e-08 -2.01145427e-05 1.31095330e-07 8.56281535e-08 1.42933900e-06 -1.91364966e-09 -1.07997312e-07 -2.15438817e-05
194              1.29323733e-07 -2.23448443e-08 -2.01085821e-05 1.31232163e-07 8.56464731e-08 1.42964295e-06 -1.90842924e-09 -1.07991317e-07 -2.15382251e-05
195              1.29141268e-07 -2.23334490e-08 -2.01037699e-05 1.31053052e-07 8.56347061e-08 1.42897510e-06 -1.91178457e-09 -1.07968155e-07 -2.15327450e-05
196              1.29272372e-07 -2.23018516e-08 -2.00980391e-05 1.31180023e-07 8.56601613e-08 1.42924254e-06 -1.90765105e-09 -1.07962013e-07 -2.15272816e-05
197              1.29095570e-07 -2.22982823e-08 -2.00933885e-05 1.31005249e-07 8.56433179e-08 1.42858444e-06 -1.90967874e-09 -1.07941600e-07 -2.15219730e-05
198              1.29225460e-07 -2.22763115e-08 -2.00878364e-05 1.31129492e-07 8.56604021e-08 1.42883791e-06 -1.90403192e-09 -1.07936714e-07 -2.15166743e-05
199              1.29059958e-07 -2.22713575e-08 -2.00833691e-05 1.30965877e-07 8.56460447e-08 1.42813985e-06 -1.90591947e-09 -1.07917402e-07 -2.15115090e-05
200              1.29184270e-07 -2.22498733e-08 -2.00779335e-05 1.31085618e-07 8.56623728e-08 1.42840488e-06 -1.90134776e-09 -1.07912246e-07 -2.15063384e-05
201              1.29024704e-07 -2.22408727e-08 -2.00735167e-05 1.30928947e-07 8.56517335e-08 1.42781474e-06 -1.90424356e-09 -1.07892606e-07 -2.15013314e-05
202              1.29140484e-07 -2.22141257e-08 -2.00682916e-05 1.31040892e-07 8.56733202e-08 1.42805810e-06 -1.90040816e-09 -1.07887446e-07 -2.14963497e-05
203              1.28986574e-07 -2.22114686e-08 -2.00640464e-05 1.30888960e-07 8.56586858e-08 1.42746653e-06 -1.90238668e-09 -1.07870154e-07 -2.14915129e-05
204              1.29100464e-07 -2.21924593e-08 -2.00589934e-05 1.30998022e-07 8.56734839e-08 1.42769796e-06 -1.89755875e-09 -1.07865943e-07 -2.14866914e-05
205              1.28956183e-07 -2.21877591e-08 -2.00549189e-05 1.30855753e-07 8.56615822e-08 1.42707920e-06 -1.89956996e-09 -1.07849341e-07 -2.14819981e-05
206              1.29064797e-07 -2.21683800e-08 -2.00499939e-05 1.30960469e-07 8.56765303e-08 1.42731324e-06 -1.89567231e-09 -1.07844910e-07 -2.14773071e-05
207              1.28925408e-07 -2.21618831e-08 -2.00459864e-05 1.30823658e-07 8.56664956e-08 1.42677791e-06 -1.89825014e-09 -1.07828379e-07 -2.14727643e-05
208              1.29027609e-07 -2.21393922e-08 -2.00412506e-05 1.30922295e-07 8.56846827e-08 1.42699620e-06 -1.89468567e-09 -1.07824075e-07 -2.14682468e-05
209              1.28893515e-07 -2.21375554e-08 -2.00373920e-05 1.30790059e-07 8.56719674e-08 1.42647321e-06 -1.89654399e-09 -1.07809523e-07 -2.14638652e-05
210              1.28808550e-07 -2.21221686e-08 -2.00331336e-05 1.30700290e-07 8.56791001e-08 1.42624578e-06 -1.89173994e-09 -1.07801269e-07 -2.14593793e-05
211              1.28934818e-07 -2.21242261e-08 -2.00286322e-05 1.30817569e-07 8.56765423e-08 1.42643125e-06 -1.88275166e-09 -1.07800768e-07 -2.14550634e-05
212              1.28866670e-07 -2.21212709e-08 -2.00247693e-05 1.30752093e-07 8.56684710e-08 1.42614715e-06 -1.88542323e-09 -1.07789742e-07 -2.14509165e-05
213              1.28800616e-07 -2.21032414e-08 -2.00207423e-05 1.30688430e-07 8.56751780e-08 1.42603397e-06 -1.88781328e-09 -1.07778419e-07 -2.14467762e-05
214              1.28765509e-07 -2.20769002e-08 -2.00168805e-05 1.30651673e-07 8.56941536e-08 1.42582934e-06 -1.88616356e-09 -1.07771054e-07 -2.14427098e-05
215              1.28879327e-07 -2.20802796e-08 -2.00127958e-05 1.30761204e-07 8.56908203e-08 1.42598520e-06 -1.88187734e-09 -1.07771100e-07 -2.14387810e-05
216              1.28818820e-07 -2.20765502e-08 -2.00094375e-05 1.30704705e-07 8.56835043e-08 1.42550456e-06 -1.88588573e-09 -1.07760054e-07 -2.14349420e-05
217              1.28752258e-07 -2.20742080e-08 -2.00056413e-05 1.30640361e-07 8.56759247e-08 1.42537267e-06 -1.88810387e-09 -1.07750133e-07 -2.14310139e-05
218              1.28848021e-07 -2.20536551e-08 -2.00017526e-05 1.30733357e-07 8.56924600e-08 1.42550444e-06 -1.88533563e-09 -1.07746115e-07 -2.14272570e-05
219              1.28772531e-07 -2.20482943e-08 -1.99984248e-05 1.30660253e-07 8.56861935e-08 1.42520345e-06 -1.88772227e-09 -1.07734488e-07 -2.14236282e-05
220              1.28708234e-07 -2.20356395e-08 -1.99949701e-05 1.30595101e-07 8.56915613e-08 1.42498235e-06 -1.88686778e-09 -1.07727201e-07 -2.14199524e-05
221              1.28804017e-07 -2.20341015e-08 -1.99912554e-05 1.30685163e-07 8.56918127e-08 1.42513898e-06 -1.88114659e-09 -1.07725914e-07 -2.14163943e-05
222              1.28742175e-07 -2.20247321e-08 -1.99881923e-05 1.30625148e-07 8.56919058e-08 1.42475345e-06 -1.88297302e-09 -1.07716638e-07 -2.14129457e-05
223              1.28690412e-07 -2.20197518e-08 -1.99848105e-05 1.30573739e-07 8.56890224e-08 1.42462896e-06 -1.88332731e-09 -1.07708774e-07 -2.14094394e-05
224              1.28670621e-07 -2.20010220e-08 -1.99815151e-05 1.30551414e-07 8.57016383e-08 1.42449825e-06 -1.88079243e-09 -1.07702660e-07 -2.14060133e-05
225              1.28753613e-07 -2.19989339e-08 -1.99781224e-05 1.30631417e-07 8.57029568e-08 1.42459587e-06 -1.87780413e-09 -1.07701891e-07 -2.14027183e-05
226              1.28712408e-07 -2.19960192e-08 -1.99750963e-05 1.30593260e-07 8.56977892e-08 1.42445565e-06 -1.88085167e-09 -1.07693808e-07 -2.13995519e-05
227              1.28665594e-07 -2.19943445e-08 -1.99720858e-05 1.30548565e-07 8.56921602e-08 1.42431223e-06 -1.88297181e-09 -1.07686505e-07 -2.13963980e-05
228              1.28643528e-07 -2.19829912e-08 -1.99691567e-05 1.30524659e-07 8.56980934e-08 1.42411357e-06 -1.88113114e-09 -1.07681085e-07 -2.13932703e-05
229              1.28722414e-07 -2.19787594e-08 -1.99660167e-05 1.30600395e-07 8.57011720e-08 1.42422322e-06 -1.87798071e-09 -1.07679931e-07 -2.13902399e-05
230              1.28677289e-07 -2.19685146e-08 -1.99633882e-05 1.30558452e-07 8.57035728e-08 1.42390835e-06 -1.88116319e-09 -1.07672087e-07 -2.13872966e-05
231              1.28630199e-07 -2.19658548e-08 -1.99604937e-05 1.30512913e-07 8.57000626e-08 1.42381889e-06 -1.88271367e-09 -1.07665917e-07 -2.13843125e-05
232              1.28611841e-07 -2.19548852e-08 -1.99576875e-05 1.30491978e-07 8.57068348e-08 1.42371356e-06 -1.88013693e-09 -1.07661720e-07 -2.13814011e-05
233              1.28615764e-07 -2.19512849e-08 -1.99549269e-05 1.30492206e-07 8.57079215e-08 1.42363060e-06 -1.87644186e-09 -1.07659206e-07 -2.13785575e-05
234              1.28620816e-07 -2.19519466e-08 -1.99521700e-05 1.30495907e-07 8.57044578e-08 1.42362925e-06 -1.87509126e-09 -1.07656404e-07 -2.13757992e-05
235              1.28617979e-07 -2.19496438e-08 -1.99495468e-05 1.30494052e-07 8.57026035e-08 1.42359283e-06 -1.87607231e-09 -1.07652247e-07 -2.13731397e-05
236              1.28609897e-07 -2.19456697e-08 -1.99470698e-05 1.30487651e-07 8.57017287e-08 1.42346655e-06 -1.87775336e-09 -1.07647398e-07 -2.13705363e-05
237              1.28600743e-07 -2.19400465e-08 -1.99446368e-05 1.30479520e-07 8.57029253e-08 1.42331427e-06 -1.87877765e-09 -1.07642972e-07 -2.13679511e-05
238              1.28594510e-07 -2.19336801e-08 -1.99421860e-05 1.30473192e-07 8.57057201e-08 1.42320427e-06 -1.87868204e-09 -1.07639400e-07 -2.13653903e-05
239              1.28590184e-07 -2.19288474e-08 -1.99397301e-05 1.30468269e-07 8.57075425e-08 1.42315530e-06 -1.87808499e-09 -1.07636390e-07 -2.13628854e-05
240              1.28585247e-07 -2.19248480e-08 -1.99373384e-05 1.30462879e-07 8.57085413e-08 1.42311880e-06 -1.87763227e-09 -1.07633389e-07 -2.13604572e-05
241              1.28579855e-07 -2.19210110e-08 -1.99350477e-05 1.30457281e-07 8.57091867e-08 1.42304734e-06 -1.87742667e-09 -1.07630198e-07 -2.13580950e-05
242              1.28575314e-07 -2.19176346e-08 -1.99328269e-05 1.30452657e-07 8.57093767e-08 1.42294839e-06 -1.87734272e-09 -1.07627011e-07 -2.13557752e-05
243              1.28572212e-07 -2.19143639e-08 -1.99306330e-05 1.30449504e-07 8.57096164e-08 1.42285683e-06 -1.87729232e-09 -1.07623980e-07 -2.13534898e-05
244              1.28569765e-07 -2.19109523e-08 -1.99284586e-05 1.30447098e-07 8.57101643e-08 1.42278965e-06 -1.87733292e-09 -1.07621117e-07 -2.13512483e-05
245              1.28566771e-07 -2.19073913e-08 -1.99263251e-05 1.30444280e-07 8.57109792e-08 1.42273627e-06 -1.87750920e-09 -1.07618370e-07 -2.13490614e-05
246              1.28562981e-07 -2.19037975e-08 -1.99242549e-05 1.30440716e-07 8.57119243e-08 1.42267409e-06 -1.87773492e-09 -1.07615722e-07 -2.13469290e-05
247              1.28559071e-07 -2.19004400e-08 -1.99222414e-05 1.30436952e-07 8.57127666e-08 1.42260033e-06 -1.87788127e-09 -1.07613207e-07 -2.13448418e-05
248              1.28555734e-07 -2.18974381e-08 -1.99202673e-05 1.30433647e-07 8.57134403e-08 1.42252648e-06 -1.87791229e-09 -1.07610878e-07 -2.13427938e-05
249              1.28553212e-07 -2.18946604e-08 -1.99183235e-05 1.30431104e-07 8.57140582e-08 1.42246329e-06 -1.87789225e-09 -1.07608719e-07 -2.13407867e-05
250              1.28551104e-07 -2.18919814e-08 -1.99164163e-05 1.30429036e-07 8.57146956e-08 1.42240914e-06 -1.87793187e-09 -1.07606677e-07 -2.13388254e-05
251              1.28548970e-07 -2.18893919e-08 -1.99145562e-05 1.30427040e-07 8.57153340e-08 1.42235475e-06 -1.87807006e-09 -1.07604726e-07 -2.13369110e-05
252              1.28546738e-07 -2.18869596e-08 -1.99127448e-05 1.30424996e-07 8.57159150e-08 1.42229475e-06 -1.87825847e-09 -1.07602875e-07 -2.13350396e-05
253              1.28544599e-07 -2.18847107e-08 -1.99109743e-05 1.30423034e-07 8.57164339e-08 1.42223255e-06 -1.87843480e-09 -1.07601145e-07 -2.13332069e-05
254              1.28542717e-07 -2.18825899e-08 -1.99092371e-05 1.30421299e-07 8.57169580e-08 1.42217469e-06 -1.87858160e-09 -1.07599548e-07 -2.13314118e-05
255              1.28541106e-07 -2.18805436e-08 -1.99075331e-05 1.30419829e-07 8.57175378e-08 1.42212316e-06 -1.87872213e-09 -1.07598081e-07 -2.13296562e-05
256              1.28539682e-07 -2.18785892e-08 -1.99058671e-05 1.30418566e-07 8.57181468e-08 1.42207448e-06 -1.87888381e-09 -1.07596736e-07 -2.13279416e-05
257              1.28538381e-07 -2.18767875e-08 -1.99042420e-05 1.30417454e-07 8.57187168e-08 1.42202457e-06 -1.87907236e-09 -1.07595504e-07 -2.13262666e-05
258              1.28537212e-07 -2.18751732e-08 -1.99026557e-05 1.30416488e-07 8.57192090e-08 1.42197292e-06 -1.87927601e-09 -1.07594382e-07 -2.13246287e-05
259              1.28536212e-07 -2.18737204e-08 -1.99011037e-05 1.30415697e-07 8.57196468e-08 1.42192217e-06 -1.87948433e-09 -1.07593367e-07 -2.13230259e-05
260              1.28535428e-07 -2.18724655e-08 -1.98995849e-05 1.30415133e-07 8.57200694e-08 1.42187282e-06 -1.87970482e-09 -1.07592535e-07 -2.13214578e-05
261              1.28535226e-07 -2.18710781e-08 -1.98980952e-05 1.30415150e-07 8.57206902e-08 1.42182994e-06 -1.87992462e-09 -1.07591768e-07 -2.13199251e-05
262              1.28534889e-07 -2.18698380e-08 -1.98966400e-05 1.30415113e-07 8.57211679e-08 1.42178908e-06 -1.88022460e-09 -1.07591006e-07 -2.13184291e-05
263              1.28534021e-07 -2.18689568e-08 -1.98952203e-05 1.30414571e-07 8.57213269e-08 1.42174822e-06 -1.88055049e-09 -1.07590284e-07 -2.13169685e-05
264              1.28532990e-07 -2.18681881e-08 -1.98938362e-05 1.30413768e-07 8.57214806e-08 1.42170525e-06 -1.88077856e-09 -1.07589669e-07 -2.13155414e-05
265              1.28532273e-07 -2.18672754e-08 -1.98924848e-05 1.30413156e-07 8.57219371e-08 1.42166068e-06 -1.88088383e-09 -1.07589212e-07 -2.13141455e-05
266              1.28532124e-07 -2.18663241e-08 -1.98911631e-05 1.30413081e-07 8.57226736e-08 1.42161606e-06 -1.88095675e-09 -1.07588998e-07 -2.13127791e-05
267              1.28532927e-07 -2.18652928e-08 -1.98898682e-05 1.30414018e-07 8.57236177e-08 1.42157385e-06 -1.88109084e-09 -1.07588910e-07 -2.13114420e-05
268              1.28534053e-07 -2.18647103e-08 -1.98885978e-05 1.30415470e-07 8.57241612e-08 1.42153733e-06 -1.88141644e-09 -1.07588871e-07 -2.13101351e-05
269              1.28534570e-07 -2.18638811e-08 -1.98873532e-05 1.30416508e-07 8.57249197e-08 1.42150665e-06 -1.88193863e-09 -1.07588801e-07 -2.13088599e-05
270              1.28535405e-07 -2.18646840e-08 -1.98861403e-05 1.30417869e-07 8.57242248e-08 1.42147685e-06 -1.88246391e-09 -1.07588909e-07 -2.13076171e-05
271              1.28536564e-07 -2.18647625e-08 -1.98849630e-05 1.30419445e-07 8.57242212e-08 1.42144229e-06 -1.88288099e-09 -1.07588984e-07 -2.13064053e-05
272              1.28537051e-07 -2.18646650e-08 -1.98838134e-05 1.30420329e-07 8.57244108e-08 1.42140686e-06 -1.88327806e-09 -1.07589076e-07 -2.13052203e-05
273              1.28536943e-07 -2.18646823e-08 -1.98826898e-05 1.30420541e-07 8.57245959e-08 1.42137105e-06 -1.88359783e-09 -1.07589278e-07 -2.13040608e-05
274              1.28536169e-07 -2.18654469e-08 -1.98815835e-05 1.30419965e-07 8.57242551e-08 1.42134405e-06 -1.88379626e-09 -1.07589702e-07 -2.13029276e-05
275              1.28537998e-07 -2.18649938e-08 -1.98805225e-05 1.30421872e-07 8.57253250e-08 1.42129725e-06 -1.88387372e-09 -1.07590319e-07 -2.13018197e-05
276              1.28540407e-07 -2.18649172e-08 -1.98794661e-05 1.30424488e-07 8.57260540e-08 1.42126628e-06 -1.88408057e-09 -1.07590971e-07 -2.13007323e-05
277              1.28541974e-07 -2.18656323e-08 -1.98784233e-05 1.30426513e-07 8.57259246e-08 1.42124997e-06 -1.88453968e-09 -1.07591557e-07 -2.12996732e-05
278              1.28542917e-07 -2.18667213e-08 -1.98774145e-05 1.30427972e-07 8.57254252e-08 1.42123061e-06 -1.88505524e-09 -1.07592147e-07 -2.12986451e-05
279              1.28544003e-07 -2.18677092e-08 -1.98764432e-05 1.30429447e-07 8.57251293e-08 1.42119904e-06 -1.88544418e-09 -1.07592838e-07 -2.12976423e-05
280              1.28545392e-07 -2.18684958e-08 -1.98754951e-05 1.30431119e-07 8.57251363e-08 1.42116336e-06 -1.88572658e-09 -1.07593632e-07 -2.12966584e-05
281              1.28546735e-07 -2.18693320e-08 -1.98745588e-05 1.30432747e-07 8.57251408e-08 1.42113486e-06 -1.88601151e-09 -1.07594473e-07 -2.12956937e-05
282              1.28547895e-07 -2.18703028e-08 -1.98736385e-05 1.30434233e-07 8.57250530e-08 1.42111344e-06 -1.88633742e-09 -1.07595356e-07 -2.12947520e-05
283              1.28549255e-07 -2.18713962e-08 -1.98727417e-05 1.30435916e-07 8.57249540e-08 1.42109329e-06 -1.88666083e-09 -1.07596350e-07 -2.12938350e-05
284              1.28551169e-07 -2.18726711e-08 -1.98718699e-05 1.30438128e-07 8.57247411e-08 1.42107114e-06 -1.88695915e-09 -1.07597412e-07 -2.12929411e-05
285              1.28553214e-07 -2.18740966e-08 -1.98710201e-05 1.30440524e-07 8.57244165e-08 1.42104765e-06 -1.88730958e-09 -1.07598513e-07 -2.12920678e-05
286              1.28555142e-07 -2.18756085e-08 -1.98701904e-05 1.30442859e-07 8.57240341e-08 1.42102333e-06 -1.88771709e-09 -1.07599643e-07 -2.12912137e-05
287              1.28556927e-07 -2.18771618e-08 -1.98693790e-05 1.30445070e-07 8.57236428e-08 1.42099909e-06 -1.88814246e-09 -1.07600805e-07 -2.12903781e-05
288              1.28558668e-07 -2.18787318e-08 -1.98685847e-05 1.30447220e-07 8.57233007e-08 1.42097601e-06 -1.88855145e-09 -1.07602032e-07 -2.12895607e-05
289              1.28560570e-07 -2.18803872e-08 -1.98678059e-05 1.30449494e-07 8.57229528e-08 1.42095596e-06 -1.88892348e-09 -1.07603340e-07 -2.12887618e-05
290              1.28562672e-07 -2.18821310e-08 -1.98670434e-05 1.30451952e-07 8.57225770e-08 1.42093904e-06 -1.88927975e-09 -1.07604708e-07 -2.12879824e-05
291              1.28564875e-07 -2.18838935e-08 -1.98662999e-05 1.30454526e-07 8.57222202e-08 1.42092284e-06 -1.88965106e-09 -1.07606114e-07 -2.12872228e-05
292              1.28567102e-07 -2.18856511e-08 -1.98655768e-05 1.30457146e-07 8.57219027e-08 1.42090492e-06 -1.89004392e-09 -1.07607554e-07 -2.12864818e-05
293              1.28569348e-07 -2.18874547e-08 -1.98648723e-05 1.30459792e-07 8.57215790e-08 1.42088518e-06 -1.89044362e-09 -1.07609034e-07 -2.12857575e-05
294              1.28571617e-07 -2.18893356e-08 -1.98641832e-05 1.30462452e-07 8.57212136e-08 1.42086550e-06 -1.89083515e-09 -1.07610549e-07 -2.12850487e-05
295              1.28573886e-07 -2.18912554e-08 -1.98635079e-05 1.30465097e-07 8.57208358e-08 1.42084756e-06 -1.89121145e-09 -1.07612091e-07 -2.12843555e-05
296              1.28576152e-07 -2.18931767e-08 -1.98628467e-05 1.30467721e-07 8.57204857e-08 1.42083153e-06 -1.89156854e-09 -1.07613662e-07 -2.12836782e-05
297              1.28578480e-07 -2.18951335e-08 -1.98622006e-05 1.30470385e-07 8.57201429e-08 1.42081666e-06 -1.89190522e-09 -1.07615276e-07 -2.12830173e-05
298              1.28580942e-07 -2.18971754e-08 -1.98615701e-05 1.30473174e-07 8.57197570e-08 1.42080221e-06 -1.89223151e-09 -1.07616932e-07 -2.12823723e-05
299              1.28583517e-07 -2.18992584e-08 -1.98609549e-05 1.30476085e-07 8.57193437e-08 1.42078786e-06 -1.89256859e-09 -1.07618602e-07 -2.12817428e-05
300              1.28586059e-07 -2.19012509e-08 -1.98603546e-05 1.30478989e-07 8.57190013e-08 1.42077346e-06 -1.89293019e-09 -1.07620252e-07 -2.12811280e-05
301              1.28588453e-07 -2.19031159e-08 -1.98597685e-05 1.30481754e-07 8.57187780e-08 1.42075891e-06 -1.89330123e-09 -1.07621894e-07 -2.12805274e-05
302              1.28590800e-07 -2.19050491e-08 -1.98591959e-05 1.30484445e-07 8.57185363e-08 1.42074447e-06 -1.89364475e-09 -1.07623585e-07 -2.12799404e-05
303              1.28574145e-07 -2.19046709e-08 -1.98586393e-05 1.30467891e-07 8.57197118e-08 1.42072363e-06 -1.89374650e-09 -1.07624383e-07 -2.12793629e-05
304              1.28584184e-07 -2.19120777e-08 -1.98580582e-05 1.30477253e-07 8.57162129e-08 1.42074698e-06 -1.89306858e-09 -1.07628291e-07 -2.12788052e-05
305              1.28601635e-07 -2.19170771e-08 -1.98575697e-05 1.30494139e-07 8.57126399e-08 1.42070206e-06 -1.89250378e-09 -1.07629717e-07 -2.12782718e-05
306              1.28582545e-07 -2.19127272e-08 -1.98570583e-05 1.30476715e-07 8.57169964e-08 1.42066997e-06 -1.89417003e-09 -1.07629724e-07 -2.12777282e-05
307              1.28592574e-07 -2.19191002e-08 -1.98565001e-05 1.30486963e-07 8.57145765e-08 1.42070122e-06 -1.89438914e-09 -1.07633677e-07 -2.12772013e-05
308              1.28579388e-07 -2.19231647e-08 -1.98560452e-05 1.30473196e-07 8.57120136e-08 1.42065115e-06 -1.89380775e-09 -1.07635178e-07 -2.12766964e-05
309              1.28602440e-07 -2.19226937e-08 -1.98555546e-05 1.30496130e-07 8.57144871e-08 1.42063070e-06 -1.89369068e-09 -1.07637181e-07 -2.12761853e-05
310              1.28612582e-07 -2.19227149e-08 -1.98550433e-05 1.30507930e-07 8.57171603e-08 1.42064908e-06 -1.89534791e-09 -1.07639875e-07 -2.12756924e-05
311              1.28593009e-07 -2.19260666e-08 -1.98545884e-05 1.30489420e-07 8.57148280e-08 1.42062941e-06 -1.89641033e-09 -1.07640895e-07 -2.12752178e-05
312              1.28608142e-07 -2.19275237e-08 -1.98541048e-05 1.30504613e-07 8.57160852e-08 1.42065209e-06 -1.89647071e-09 -1.07643609e-07 -2.12747569e-05
313              1.28594317e-07 -2.19293833e-08 -1.98536854e-05 1.30490934e-07 8.57150569e-08 1.42062856e-06 -1.89661667e-09 -1.07644440e-07 -2.12743140e-05
314              1.28611806e-07 -2.19307514e-08 -1.98532598e-05 1.30507816e-07 8.57153690e-08 1.42061536e-06 -1.89600946e-09 -1.07646120e-07 -2.12738751e-05
315              1.28620325e-07 -2.19378044e-08 -1.98528118e-05 1.30516753e-07 8.57115389e-08 1.42064246e-06 -1.89642810e-09 -1.07649343e-07 -2.12734542e-05
316              1.28605483e-07 -2.19438088e-08 -1.98524468e-05 1.30501973e-07 8.57063662e-08 1.42060160e-06 -1.89649036e-09 -1.07650175e-07 -2.12730484e-05
317              1.28621890e-07 -2.19435153e-08 -1.98520817e-05 1.30518722e-07 8.57092722e-08 1.42054603e-06 -1.89683243e-09 -1.07652788e-07 -2.12726278e-05
318              1.28606307e-07 -2.19422267e-08 -1.98516789e-05 1.30503944e-07 8.57109771e-08 1.42051580e-06 -1.89763662e-09 -1.07653204e-07 -2.12721947e-05
319              1.28623965e-07 -2.19382113e-08 -1.98512259e-05 1.30521709e-07 8.57164767e-08 1.42055279e-06 -1.89774343e-09 -1.07654688e-07 -2.12717787e-05
320              1.28634310e-07 -2.19395096e-08 -1.98507947e-05 1.30532797e-07 8.57179415e-08 1.42061292e-06 -1.89848727e-09 -1.07657451e-07 -2.12714076e-05
321              1.28620542e-07 -2.19476015e-08 -1.98504615e-05 1.30519195e-07 8.57112316e-08 1.42060482e-06 -1.89865335e-09 -1.07658833e-07 -2.12710663e-05
322              1.28632105e-07 -2.19542942e-08 -1.98501518e-05 1.30530568e-07 8.57081150e-08 1.42056767e-06 -1.89846325e-09 -1.07662409e-07 -2.12707194e-05
323              1.28619523e-07 -2.19593182e-08 -1.98498317e-05 1.30517865e-07 8.57035996e-08 1.42052971e-06 -1.89834213e-09 -1.07662918e-07 -2.12703614e-05
324              1.28638715e-07 -2.19549578e-08 -1.98494988e-05 1.30537453e-07 8.57088903e-08 1.42049841e-06 -1.89873840e-09 -1.07663848e-07 -2.12699972e-05
325              1.28647148e-07 -2.19505991e-08 -1.98491166e-05 1.30547351e-07 8.57151634e-08 1.42053039e-06 -1.90020323e-09 -1.07665762e-07 -2.12696470e-05
326              1.28630033e-07 -2.19540370e-08 -1.98487966e-05 1.30530785e-07 8.57129794e-08 1.42052021e-06 -1.90075176e-09 -1.07667016e-07 -2.12693168e-05
327              1.28645625e-07 -2.19596814e-08 -1.98484767e-05 1.30545826e-07 8.57106089e-08 1.42051416e-06 -1.90020131e-09 -1.07670290e-07 -2.12689908e-05
328              1.28635805e-07 -2.19644467e-08 -1.98481670e-05 1.30535806e-07 8.57066958e-08 1.42050404e-06 -1.90000141e-09 -1.07671143e-07 -2.12686710e-05
329              1.28652828e-07 -2.19654940e-08 -1.98478363e-05 1.30552785e-07 8.57071516e-08 1.42052774e-06 -1.89995719e-09 -1.07672646e-07 -2.12683640e-05
330              1.28641541e-07 -2.19644104e-08 -1.98475662e-05 1.30542185e-07 8.57084523e-08 1.42050515e-06 -1.90064418e-09 -1.07672863e-07 -2.12680713e-05
331              1.28652796e-07 -2.19704377e-08 -1.98472452e-05 1.30553260e-07 8.57066523e-08 1.42054419e-06 -1.90046433e-09 -1.07677090e-07 -2.12677894e-05
332              1.28640178e-07 -2.19782117e-08 -1.98470283e-05 1.30540154e-07 8.57001249e-08 1.42049070e-06 -1.89997593e-09 -1.07678337e-07 -2.12675190e-05
333              1.28636976e-07 -2.19754221e-08 -1.98467594e-05 1.30537216e-07 8.57034271e-08 1.42046639e-06 -1.90023940e-09 -1.07678849e-07 -2.12672258e-05
334              1.28662174e-07 -2.19700796e-08 -1.98465256e-05 1.30562823e-07 8.57111557e-08 1.42039848e-06 -1.90064815e-09 -1.07681235e-07 -2.12669240e-05
335              1.28653195e-07 -2.19724280e-08 -1.98462020e-05 1.30554725e-07 8.57100472e-08 1.42041262e-06 -1.90152992e-09 -1.07682475e-07 -2.12666147e-05
336              1.28670694e-07 -2.19771677e-08 -1.98457597e-05 1.30572617e-07 8.57085597e-08 1.42060907e-06 -1.90192253e-09 -1.07685727e-07 -2.12663688e-05
337              1.28656817e-07 -2.19835777e-08 -1.98456240e-05 1.30559475e-07 8.57028239e-08 1.42056670e-06 -1.90265798e-09 -1.07686402e-07 -2.12661907e-05
338              1.28651953e-07 -2.19827621e-08 -1.98454561e-05 1.30554455e-07 8.57039352e-08 1.42052497e-06 -1.90250210e-09 -1.07686697e-07 -2.12659811e-05
339              1.28669737e-07 -2.19874572e-08 -1.98453219e-05 1.30571692e-07 8.57019860e-08 1.42041599e-06 -1.90195538e-09 -1.07689443e-07 -2.12657378e-05
340              1.28663711e-07 -2.19896202e-08 -1.98450731e-05 1.30565368e-07 8.57005656e-08 1.42038758e-06 -1.90165705e-09 -1.07690186e-07 -2.12654607e-05
341              1.28682783e-07 -2.19896371e-08 -1.98447683e-05 1.30584898e-07 8.57027250e-08 1.42042956e-06 -1.90211541e-09 -1.07692362e-07 -2.12651978e-05
342              1.28669599e-07 -2.19892240e-08 -1.98445429e-05 1.30573087e-07 8.57033863e-08 1.42041494e-06 -1.90348826e-09 -1.07692610e-07 -2.12649579e-05
343              1.28682426e-07 -2.19873710e-08 -1.98442326e-05 1.30586302e-07 8.57071853e-08 1.42050991e-06 -1.90387597e-09 -1.07694556e-07 -2.12647425e-05
344              1.28671910e-07 -2.19900931e-08 -1.98440724e-05 1.30576013e-07 8.57052956e-08 1.42048989e-06 -1.90410226e-09 -1.07695389e-07 -2.12645623e-05
345              1.28687314e-07 -2.19933665e-08 -1.98439652e-05 1.30590988e-07 8.57042026e-08 1.42038692e-06 -1.90367372e-09 -1.07697569e-07 -2.12643521e-05
346              1.28680562e-07 -2.19958908e-08 -1.98437182e-05 1.30584323e-07 8.57022127e-08 1.42039457e-06 -1.90376116e-09 -1.07698103e-07 -2.12641127e-05
347              1.28692702e-07 -2.19979274e-08 -1.98434035e-05 1.30596617e-07 8.57024564e-08 1.42051259e-06 -1.90391503e-09 -1.07700384e-07 -2.12639161e-05
348              1.28680638e-07 -2.20015719e-08 -1.98432859e-05 1.30584996e-07 8.56992015e-08 1.42047456e-06 -1.90435887e-09 -1.07700773e-07 -2.12637604e-05
349              1.28676079e-07 -2.19989277e-08 -1.98431373e-05 1.30580339e-07 8.57021411e-08 1.42044379e-06 -1.90426068e-09 -1.07701069e-07 -2.12635811e-05
350              1.28692400e-07 -2.20037830e-08 -1.98429619e-05 1.30596257e-07 8.57003628e-08 1.42043289e-06 -1.90385793e-09 -1.07704146e-07 -2.12633948e-05
351              1.28685927e-07 -2.20074244e-08 -1.98428066e-05 1.30589615e-07 8.56976607e-08 1.42039974e-06 -1.90368853e-09 -1.07705085e-07 -2.12632063e-05
352              1.28684548e-07 -2.20060370e-08 -1.98426178e-05 1.30588633e-07 8.56996822e-08 1.42038919e-06 -1.90408505e-09 -1.07705719e-07 -2.12630070e-05
353              1.28703000e-07 -2.20043754e-08 -1.98423928e-05 1.30607528e-07 8.57033249e-08 1.42043236e-06 -1.90452769e-09 -1.07707700e-07 -2.12628251e-05
354              1.28694605e-07 -2.20068749e-08 -1.98422408e-05 1.30599923e-07 8.57015487e-08 1.42042369e-06 -1.90531841e-09 -1.07708424e-07 -2.12626645e-05
355              1.28707006e-07 -2.20090477e-08 -1.98420576e-05 1.30612638e-07 8.57015453e-08 1.42045220e-06 -1.90563256e-09 -1.07710593e-07 -2.12625098e-05
356              1.28697036e-07 -2.20125924e-08 -1.98419328e-05 1.30603078e-07 8.56984394e-08 1.42043058e-06 -1.90604202e-09 -1.07711032e-07 -2.12623634e-05
357              1.28693622e-07 -2.20111148e-08 -1.98417920e-05 1.30599536e-07 8.57002024e-08 1.42041482e-06 -1.90591441e-09 -1.07711317e-07 -2.12622068e-05
358              1.28709210e-07 -2.20114582e-08 -1.98416674e-05 1.30614674e-07 8.57016437e-08 1.42037619e-06 -1.90546435e-09 -1.07713102e-07 -2.12620436e-05
359              1.28704305e-07 -2.20144235e-08 -1.98414969e-05 1.30609803e-07 8.56993911e-08 1.42037590e-06 -1.90549736e-09 -1.07713815e-07 -2.12618728e-05
360              1.28716595e-07 -2.20165859e-08 -1.98412728e-05 1.30622312e-07 8.56995314e-08 1.42045464e-06 -1.90571722e-09 -1.07716117e-07 -2.12617274e-05
361              1.28705861e-07 -2.20209527e-08 -1.98411788e-05 1.30612238e-07 8.56954981e-08 1.42043024e-06 -1.90637667e-09 -1.07716451e-07 -2.12616090e-05
362              1.28701426e-07 -2.20181402e-08 -1.98410616e-05 1.30608116e-07 8.56983633e-08 1.42041382e-06 -1.90669020e-09 -1.07716504e-07 -2.12614754e-05
363              1.28716544e-07 -2.20148885e-08 -1.98409519e-05 1.30623060e-07 8.57030651e-08 1.42038496e-06 -1.90651656e-09 -1.07717954e-07 -2.12613369e-05
364              1.28711571e-07 -2.20185729e-08 -1.98408070e-05 1.30618145e-07 8.57003374e-08 1.42038674e-06 -1.90657404e-09 -1.07718910e-07 -2.12611937e-05
365              1.28723866e-07 -2.20226981e-08 -1.98406421e-05 1.30630373e-07 8.56982473e-08 1.42042266e-06 -1.90650713e-09 -1.07720945e-07 -2.12610648e-05
366              1.28716858e-07 -2.20255011e-08 -1.98405378e-05 1.30623845e-07 8.56956621e-08 1.42041256e-06 -1.90698710e-09 -1.07721163e-07 -2.12609503e-05
367              1.28713262e-07 -2.20236920e-08 -1.98404305e-05 1.30620512e-07 8.56975586e-08 1.42039816e-06 -1.90725013e-09 -1.07721251e-07 -2.12608287e-05
368              1.28722643e-07 -2.20262867e-08 -1.98402775e-05 1.30629777e-07 8.56969754e-08 1.42043888e-06 -1.90713400e-09 -1.07723262e-07 -2.12607164e-05
369              1.28716248e-07 -2.20295875e-08 -1.98402123e-05 1.30623157e-07 8.56943065e-08 1.42040379e-06 -1.90690930e-09 -1.07723894e-07 -2.12606160e-05
370              1.28714867e-07 -2.20284650e-08 -1.98401117e-05 1.30621750e-07 8.56958127e-08 1.42038606e-06 -1.90688312e-09 -1.07724278e-07 -2.12604978e-05
371              1.28729791e-07 -2.20269255e-08 -1.98400022e-05 1.30636704e-07 8.56986604e-08 1.42037489e-06 -1.90691313e-09 -1.07725586e-07 -2.12603771e-05
372              1.28725271e-07 -2.20278296e-08 -1.98398793e-05 1.30632733e-07 8.56982702e-08 1.42037930e-06 -1.90746255e-09 -1.07726100e-07 -2.12602586e-05
373              1.28723060e-07 -2.20281990e-08 -1.98397564e-05 1.30630686e-07 8.56984544e-08 1.42039111e-06 -1.90762606e-09 -1.07726653e-07 -2.12601476e-05
374              1.28732607e-07 -2.20317950e-08 -1.98396331e-05 1.30640145e-07 8.56970030e-08 1.42041829e-06 -1.90753789e-09 -1.07728798e-07 -2.12600514e-05
375              1.28726550e-07 -2.20368070e-08 -1.98395689e-05 1.30634119e-07 8.56924880e-08 1.42039312e-06 -1.90756894e-09 -1.07729295e-07 -2.12599620e-05
376              1.28723830e-07 -2.20355330e-08 -1.98394874e-05 1.30631737e-07 8.56938158e-08 1.42036845e-06 -1.90790703e-09 -1.07729349e-07 -2.12598558e-05
377              1.28736475e-07 -2.20330660e-08 -1.98393582e-05 1.30644542e-07 8.56973208e-08 1.42039535e-06 -1.90806745e-09 -1.07730387e-07 -2.12597536e-05
378              1.28730500e-07 -2.20337743e-08 -1.98392762e-05 1.30638987e-07 8.56970808e-08 1.42038777e-06 -1.90848745e-09 -1.07730855e-07 -2.12596640e-05
379              1.28740201e-07 -2.20350682e-08 -1.98391559e-05 1.30648680e-07 8.56971968e-08 1.42042642e-06 -1.90847869e-09 -1.07732265e-07 -2.12595823e-05
380              1.28734916e-07 -2.20370373e-08 -1.98390941e-05 1.30643687e-07 8.56955664e-08 1.42042022e-06 -1.90877062e-09 -1.07732604e-07 -2.12595143e-05
381              1.28733223e-07 -2.20370516e-08 -1.98390284e-05 1.30641930e-07 8.56958106e-08 1.42041313e-06 -1.90870616e-09 -1.07732862e-07 -2.12594416e-05
382              1.28741840e-07 -2.20386723e-08 -1.98389982e-05 1.30650378e-07 8.56954526e-08 1.42035836e-06 -1.90853748e-09 -1.07734125e-07 -2.12593565e-05
383              1.28738237e-07 -2.20408853e-08 -1.98389052e-05 1.30646752e-07 8.56935941e-08 1.42034816e-06 -1.90851517e-09 -1.07734479e-07 -2.12592533e-05
384              1.28746332e-07 -2.20407040e-08 -1.98387729e-05 1.30655011e-07 8.56946198e-08 1.42038884e-06 -1.90867904e-09 -1.07735324e-07 -2.12591617e-05
385              1.28739935e-07 -2.20407008e-08 -1.98387105e-05 1.30649142e-07 8.56946695e-08 1.42037443e-06 -1.90920702e-09 -1.07735370e-07 -2.12590849e-05
386              1.28745993e-07 -2.20398027e-08 -1.98386049e-05 1.30655198e-07 8.56964680e-08 1.42040740e-06 -1.90920483e-09 -1.07736271e-07 -2.12590123e-05
387              1.28741657e-07 -2.20410357e-08 -1.98385492e-05 1.30650889e-07 8.56956134e-08 1.42040204e-06 -1.90923179e-09 -1.07736649e-07 -2.12589513e-05
388              1.28749446e-07 -2.20425776e-08 -1.98385117e-05 1.30658569e-07 8.56950488e-08 1.42036903e-06 -1.90912295e-09 -1.07737626e-07 -2.12588807e-05
389              1.28745798e-07 -2.20437778e-08 -1.98384286e-05 1.30655104e-07 8.56940558e-08 1.42037260e-06 -1.90930591e-09 -1.07737834e-07 -2.12588012e-05
390              1.28751411e-07 -2.20443341e-08 -1.98383313e-05 1.30660835e-07 8.56944325e-08 1.42040245e-06 -1.90942404e-09 -1.07738767e-07 -2.12587337e-05
391              1.28746006e-07 -2.20453253e-08 -1.98382901e-05 1.30655648e-07 8.56936172e-08 1.42038513e-06 -1.90964181e-09 -1.07738942e-07 -2.12586752e-05
392              1.28743710e-07 -2.20441705e-08 -1.98382380e-05 1.30653240e-07 8.56949855e-08 1.42036818e-06 -1.90952912e-09 -1.07739156e-07 -2.12586062e-05
393              1.28752004e-07 -2.20456599e-08 -1.98381512e-05 1.30661228e-07 8.56947330e-08 1.42038836e-06 -1.90922432e-09 -1.07740393e-07 -2.12585396e-05
394              1.28748631e-07 -2.20480928e-08 -1.98381022e-05 1.30657880e-07 8.56927183e-08 1.42037862e-06 -1.90924917e-09 -1.07740811e-07 -2.12584809e-05
395              1.28747692e-07 -2.20483693e-08 -1.98380397e-05 1.30657030e-07 8.56926923e-08 1.42037828e-06 -1.90933821e-09 -1.07741062e-07 -2.12584179e-05
396              1.28755389e-07 -2.20483054e-08 -1.98379760e-05 1.30664841e-07 8.56937982e-08 1.42038258e-06 -1.90945146e-09 -1.07742104e-07 -2.12583586e-05
397              1.28751838e-07 -2.20493831e-08 -1.98379264e-05 1.30661575e-07 8.56930028e-08 1.42037524e-06 -1.90973644e-09 -1.07742386e-07 -2.12583016e-05
398              1.28749896e-07 -2.20484832e-08 -1.98378727e-05 1.30659866e-07 8.56941300e-08 1.42036757e-06 -1.90996995e-09 -1.07742613e-07 -2.12582403e-05
399              1.28756982e-07 -2.20487929e-08 -1.98377858e-05 1.30666923e-07 8.56945637e-08 1.42040191e-06 -1.90994128e-09 -1.07743357e-07 -2.12581877e-05
400              1.28753552e-07 -2.20503540e-08 -1.98377558e-05 1.30663599e-07 8.56932979e-08 1.42039127e-06 -1.91004710e-09 -1.07743652e-07 -2.12581470e-05
401              1.28759503e-07 -2.20513605e-08 -1.98377255e-05 1.30669436e-07 8.56931571e-08 1.42037202e-06 -1.90993285e-09 -1.07744518e-07 -2.12580976e-05
402              1.28756537e-07 -2.20527852e-08 -1.98376704e-05 1.30666590e-07 8.56918794e-08 1.42037113e-06 -1.91005274e-09 -1.07744665e-07 -2.12580415e-05
403              1.28755232e-07 -2.20519662e-08 -1.98376149e-05 1.30665419e-07 8.56927682e-08 1.42037205e-06 -1.91018693e-09 -1.07744734e-07 -2.12579870e-05
404              1.28760433e-07 -2.20518322e-08 -1.98375552e-05 1.30670651e-07 8.56936241e-08 1.42038354e-06 -1.91021855e-09 -1.07745456e-07 -2.12579387e-05
405              1.28757384e-07 -2.20528506e-08 -1.98375196e-05 1.30667664e-07 8.56928814e-08 1.42037497e-06 -1.91027972e-09 -1.07745732e-07 -2.12578946e-05
406              1.28755638e-07 -2.20530386e-08 -1.98374785e-05 1.30665860e-07 8.56930046e-08 1.42036641e-06 -1.91022107e-09 -1.07746043e-07 -2.12578449e-05
407              1.28762456e-07 -2.20539141e-08 -1.98374115e-05 1.30672493e-07 8.56930550e-08 1.42038820e-06 -1.91003702e-09 -1.07746969e-07 -2.12577997e-05
408              1.28759560e-07 -2.20556439e-08 -1.98373821e-05 1.30669755e-07 8.56915448e-08 1.42038009e-06 -1.91019435e-09 -1.07747189e-07 -2.12577622e-05
409              1.28758542e-07 -2.20550574e-08 -1.98373427e-05 1.30668912e-07 8.56922160e-08 1.42037742e-06 -1.91037001e-09 -1.07747273e-07 -2.12577201e-05
410              1.28764545e-07 -2.20543984e-08 -1.98373009e-05 1.30674990e-07 8.56932704e-08 1.42037862e-06 -1.91044579e-09 -1.07747669e-07 -2.12576796e-05
411              1.28762442e-07 -2.20548110e-08 -1.98372637e-05 1.30673076e-07 8.56930568e-08 1.42037713e-06 -1.91063413e-09 -1.07747868e-07 -2.12576408e-05
412              1.28766042e-07 -2.20558943e-08 -1.98372263e-05 1.30676665e-07 8.56927622e-08 1.42037611e-06 -1.91062325e-09 -1.07748657e-07 -2.12576024e-05
413              1.28763259e-07 -2.20576915e-08 -1.98371930e-05 1.30673920e-07 8.56911453e-08 1.42037014e-06 -1.91066110e-09 -1.07748837e-07 -2.12575632e-05
414              1.28761917e-07 -2.20573285e-08 -1.98371559e-05 1.30672620e-07 8.56915421e-08 1.42036503e-06 -1.91070303e-09 -1.07748871e-07 -2.12575209e-05
415              1.28766471e-07 -2.20569257e-08 -1.98370960e-05 1.30677114e-07 8.56924202e-08 1.42038886e-06 -1.91064235e-09 -1.07749346e-07 -2.12574849e-05
416              1.28764053e-07 -2.20574180e-08 -1.98370762e-05 1.30674764e-07 8.56921104e-08 1.42038071e-06 -1.91071103e-09 -1.07749528e-07 -2.12574569e-05
417              1.28763290e-07 -2.20572885e-08 -1.98370481e-05 1.30673939e-07 8.56924597e-08 1.42037584e-06 -1.91064919e-09 -1.07749748e-07 -2.12574239e-05
418              1.28768360e-07 -2.20583073e-08 -1.98370199e-05 1.30678932e-07 8.56921878e-08 1.42036889e-06 -1.91057196e-09 -1.07750495e-07 -2.12573887e-05
419              1.28766649e-07 -2.20596203e-08 -1.98369853e-05 1.30677338e-07 8.56910617e-08 1.42036693e-06 -1.91068888e-09 -1.07750682e-07 -2.12573523e-05
420              1.28765635e-07 -2.20593897e-08 -1.98369501e-05 1.30676517e-07 8.56913651e-08 1.42036524e-06 -1.91088218e-09 -1.07750755e-07 -2.12573153e-05
421              1.28769682e-07 -2.20590595e-08 -1.98368947e-05 1.30680632e-07 8.56920484e-08 1.42039143e-06 -1.91094922e-09 -1.07751108e-07 -2.12572861e-05
422              1.28767425e-07 -2.20593943e-08 -1.98368823e-05 1.30678499e-07 8.56918383e-08 1.42038314e-06 -1.91107392e-09 -1.07751233e-07 -2.12572654e-05
423              1.28766632e-07 -2.20593900e-08 -1.98368630e-05 1.30677601e-07 8.56920255e-08 1.42037597e-06 -1.91096828e-09 -1.07751416e-07 -2.12572390e-05
424              1.28770707e-07 -2.20603419e-08 -1.98368438e-05 1.30681522e-07 8.56917480e-08 1.42036427e-06 -1.91081479e-09 -1.07752090e-07 -2.12572080e-05
425              1.28769300e-07 -2.20617001e-08 -1.98368107e-05 1.30680145e-07 8.56905596e-08 1.42036326e-06 -1.91084519e-09 -1.07752260e-07 -2.12571739e-05
426              1.28768367e-07 -2.20613610e-08 -1.98367768e-05 1.30679397e-07 8.56909356e-08 1.42036355e-06 -1.91103017e-09 -1.07752297e-07 -2.12571404e-05
427              1.28772026e-07 -2.20608136e-08 -1.98367256e-05 1.30683155e-07 8.56917198e-08 1.42038948e-06 -1.91112867e-09 -1.07752533e-07 -2.12571150e-05
428              1.28770034e-07 -2.20607494e-08 -1.98367159e-05 1.30681312e-07 8.56918813e-08 1.42038249e-06 -1.91127836e-09 -1.07752631e-07 -2.12570984e-05
429              1.28772746e-07 -2.20612085e-08 -1.98367017e-05 1.30683952e-07 8.56918839e-08 1.42037519e-06 -1.91120557e-09 -1.07753092e-07 -2.12570769e-05
430              1.28771327e-07 -2.20622884e-08 -1.98366786e-05 1.30682524e-07 8.56909556e-08 1.42037381e-06 -1.91119716e-09 -1.07753244e-07 -2.12570524e-05
431              1.28770878e-07 -2.20624624e-08 -1.98366545e-05 1.30682060e-07 8.56908511e-08 1.42037339e-06 -1.91118249e-09 -1.07753313e-07 -2.12570279e-05
432              1.28773587e-07 -2.20624795e-08 -1.98366372e-05 1.30684767e-07 8.56912211e-08 1.42036568e-06 -1.91117984e-09 -1.07753701e-07 -2.12570029e-05
433              1.28772099e-07 -2.20629020e-08 -1.98366132e-05 1.30683335e-07 8.56908990e-08 1.42036225e-06 -1.91123569e-09 -1.07753801e-07 -2.12569754e-05
434              1.28774793e-07 -2.20627062e-08 -1.98365736e-05 1.30686112e-07 8.56912850e-08 1.42037787e-06 -1.91131851e-09 -1.07753991e-07 -2.12569515e-05
435              1.28772711e-07 -2.20624311e-08 -1.98365597e-05 1.30684218e-07 8.56915816e-08 1.42037314e-06 -1.91150693e-09 -1.07754013e-07 -2.12569328e-05
436              1.28774736e-07 -2.20625750e-08 -1.98365339e-05 1.30686162e-07 8.56917235e-08 1.42038031e-06 -1.91142648e-09 -1.07754298e-07 -2.12569142e-05
437              1.28773745e-07 -2.20634031e-08 -1.98365189e-05 1.30685114e-07 8.56910392e-08 1.42037930e-06 -1.91136942e-09 -1.07754442e-07 -2.12568982e-05
438              1.28775762e-07 -2.20638238e-08 -1.98365134e-05 1.30687080e-07 8.56909605e-08 1.42036520e-06 -1.91131806e-09 -1.07754784e-07 -2.12568786e-05
439              1.28774656e-07 -2.20644328e-08 -1.98364891e-05 1.30686019e-07 8.56904023e-08 1.42036538e-06 -1.91136288e-09 -1.07754835e-07 -2.12568544e-05
440              1.28776371e-07 -2.20641123e-08 -1.98364599e-05 1.30687842e-07 8.56908347e-08 1.42037390e-06 -1.91147099e-09 -1.07754947e-07 -2.12568338e-05
441              1.28774515e-07 -2.20636043e-08 -1.98364471e-05 1.30686130e-07 8.56913417e-08 1.42036880e-06 -1.91161479e-09 -1.07754946e-07 -2.12568159e-05
442              1.28776209e-07 -2.20636984e-08 -1.98364217e-05 1.30687750e-07 8.56915228e-08 1.42037673e-06 -1.91154029e-09 -1.07755221e-07 -2.12567984e-05
443              1.28775179e-07 -2.20644068e-08 -1.98364090e-05 1.30686666e-07 8.56909650e-08 1.42037465e-06 -1.91148637e-09 -1.07755372e-07 -2.12567836e-05
444              1.28777230e-07 -2.20648523e-08 -1.98363967e-05 1.30688650e-07 8.56908366e-08 1.42037041e-06 -1.91141980e-09 -1.07755689e-07 -2.12567671e-05
445              1.28776265e-07 -2.20654574e-08 -1.98363788e-05 1.30687740e-07 8.56902833e-08 1.42037080e-06 -1.91147433e-09 -1.07755741e-07 -2.12567496e-05
446              1.28775635e-07 -2.20650964e-08 -1.98363624e-05 1.30687193e-07 8.56906601e-08 1.42036995e-06 -1.91155856e-09 -1.07755757e-07 -2.12567324e-05
447              1.28777466e-07 -2.20649516e-08 -1.98363419e-05 1.30689045e-07 8.56909915e-08 1.42037534e-06 -1.91157914e-09 -1.07755943e-07 -2.12567172e-05
448              1.28776358e-07 -2.20651075e-08 -1.98363324e-05 1.30687973e-07 8.56909283e-08 1.42037122e-06 -1.91161558e-09 -1.07756036e-07 -2.12567036e-05
449              1.28778114e-07 -2.20654406e-08 -1.98363171e-05 1.30689681e-07 8.56908717e-08 1.42037171e-06 -1.91156748e-09 -1.07756312e-07 -2.12566888e-05
450              1.28777161e-07 -2.20659886e-08 -1.98363038e-05 1.30688757e-07 8.56903946e-08 1.42037026e-06 -1.91159618e-09 -1.07756383e-07 -2.12566741e-05
451              1.28776851e-07 -2.20659232e-08 -1.98362887e-05 1.30688456e-07 8.56904938e-08 1.42037041e-06 -1.91160415e-09 -1.07756417e-07 -2.12566591e-05
452              1.28778540e-07 -2.20659148e-08 -1.98362736e-05 1.30690136e-07 8.56907024e-08 1.42037177e-06 -1.91159615e-09 -1.07756617e-07 -2.12566454e-05
453              1.28777735e-07 -2.20661594e-08 -1.98362621e-05 1.30689366e-07 8.56905272e-08 1.42037012e-06 -1.91163091e-09 -1.07756687e-07 -2.12566322e-05
454              1.28779183e-07 -2.20662105e-08 -1.98362455e-05 1.30690839e-07 8.56906319e-08 1.42037427e-06 -1.91165618e-09 -1.07756842e-07 -2.12566198e-05
455              1.28778122e-07 -2.20662922e-08 -1.98362367e-05 1.30689859e-07 8.56905771e-08 1.42037180e-06 -1.91173664e-09 -1.07756869e-07 -2.12566085e-05
456              1.28777676e-07 -2.20661290e-08 -1.98362262e-05 1.30689384e-07 8.56907944e-08 1.42036971e-06 -1.91170817e-09 -1.07756923e-07 -2.12565959e-05
457              1.28779297e-07 -2.20665661e-08 -1.98362126e-05 1.30690929e-07 8.56906066e-08 1.42037077e-06 -1.91163174e-09 -1.07757173e-07 -2.12565833e-05
458              1.28778724e-07 -2.20671104e-08 -1.98362019e-05 1.30690355e-07 8.56901364e-08 1.42036957e-06 -1.91163131e-09 -1.07757247e-07 -2.12565715e-05
459              1.28778469e-07 -2.20671188e-08 -1.98361900e-05 1.30690137e-07 8.56901589e-08 1.42036906e-06 -1.91166836e-09 -1.07757278e-07 -2.12565591e-05
460              1.28779900e-07 -2.20669262e-08 -1.98361751e-05 1.30691597e-07 8.56904798e-08 1.42037294e-06 -1.91169737e-09 -1.07757406e-07 -2.12565481e-05
461              1.28779151e-07 -2.20669710e-08 -1.98361674e-05 1.30690911e-07 8.56904768e-08 1.42037097e-06 -1.91176043e-09 -1.07757448e-07 -2.12565384e-05
462              1.28778795e-07 -2.20668577e-08 -1.98361581e-05 1.30690556e-07 8.56906506e-08 1.42036948e-06 -1.91176105e-09 -1.07757508e-07 -2.12565276e-05
463              1.28780189e-07 -2.20671699e-08 -1.98361447e-05 1.30691908e-07 8.56905386e-08 1.42037278e-06 -1.91171936e-09 -1.07757709e-07 -2.12565175e-05
464              1.28779620e-07 -2.20676235e-08 -1.98361373e-05 1.30691353e-07 8.56901433e-08 1.42037139e-06 -1.91173298e-09 -1.07757767e-07 -2.12565087e-05
465              1.28779409e-07 -2.20676652e-08 -1.98361284e-05 1.30691158e-07 8.56901267e-08 1.42037063e-06 -1.91174914e-09 -1.07757792e-07 -2.12564990e-05
466              1.28780647e-07 -2.20675593e-08 -1.98361195e-05 1.30692405e-07 8.56903371e-08 1.42036995e-06 -1.91175843e-09 -1.07757896e-07 -2.12564895e-05
