# Force         
# CofR          : (2.50000000e-01 2.00000000e-01 5.00000000e-03)
#
# Time          	total_x total_y total_z	pressure_x pressure_y pressure_z	viscous_x viscous_y viscous_z
1                1.46929174e+00 -7.72817213e-03 3.60719442e-05 9.13954270e-02 -7.63133398e-03 6.59864308e-06 1.37789631e+00 -9.68381443e-05 2.94733011e-05
2                8.94826474e-01 -2.94683335e-02 3.81280543e-05 8.23183561e-02 -2.96808748e-02 6.44919063e-06 8.12508118e-01 2.12541347e-04 3.16788637e-05
3                5.36229269e-01 2.45437327e-02 9.22837759e-06 -1.37648421e-02 1.96783017e-02 -5.49015347e-06 5.49994111e-01 4.86543101e-03 1.47185311e-05
4                3.38120396e-01 7.42552754e-02 -1.28143275e-05 -7.99428009e-02 6.67406473e-02 -1.40167820e-05 4.18063196e-01 7.51462810e-03 1.20245451e-06
5                2.63733034e-01 6.29299788e-02 -2.89897787e-05 -8.06034052e-02 5.45520413e-02 -1.42098393e-05 3.44336439e-01 8.37793747e-03 -1.47799394e-05
6                2.96606071e-01 -8.26711228e-02 -3.26433031e-05 8.98753769e-04 -8.97933327e-02 8.03336989e-08 2.95707318e-01 7.12220995e-03 -3.27236368e-05
7                2.82149947e-01 -5.00425401e-02 -1.05980320e-05 2.37548687e-02 -5.35473898e-02 3.13395302e-06 2.58395078e-01 3.50484970e-03 -1.37319850e-05
8                2.57026466e-01 -7.29992865e-02 2.20436486e-05 2.84909307e-02 -6.74084036e-02 3.37009791e-06 2.28535536e-01 -5.59088287e-03 1.86735507e-05
9                1.92616357e-01 3.82291084e-02 4.46675716e-05 -1.25546918e-02 4.81891062e-02 -4.63392816e-06 2.05171049e-01 -9.95999786e-03 4.93014997e-05
10               1.68514335e-01 1.52158221e-02 3.48485010e-05 -1.86442541e-02 2.20740420e-02 -5.40719801e-06 1.87158589e-01 -6.85821986e-03 4.02556990e-05
11               1.45512236e-01 8.40061698e-02 2.06068552e-06 -2.68983674e-02 8.08321653e-02 -6.57151032e-06 1.72410603e-01 3.17400451e-03 8.63219585e-06
12               1.41088696e-01 3.41481382e-02 -1.47451526e-05 -1.85656017e-02 2.50861681e-02 -4.99111377e-06 1.59654297e-01 9.06197014e-03 -9.75403879e-06
13               1.30770659e-01 2.92946794e-02 -2.41883141e-05 -1.75402615e-02 2.10680030e-02 -5.05131039e-06 1.48310920e-01 8.22667636e-03 -1.91370037e-05
14               1.39972015e-01 -9.16543326e-02 -1.37474731e-05 1.27893432e-03 -9.37809867e-02 -1.35644801e-06 1.38693081e-01 2.12665410e-03 -1.23910251e-05
15               1.35208847e-01 -9.88149681e-02 4.58282800e-06 5.01365316e-03 -9.62958484e-02 -2.98543715e-07 1.30195194e-01 -2.51911971e-03 4.88137171e-06
16               1.28674633e-01 -4.88725735e-02 1.84579217e-05 6.12881723e-03 -4.42175205e-02 2.63175826e-07 1.22545816e-01 -4.65505298e-03 1.81947458e-05
17               1.06090247e-01 1.06217320e-01 2.02092943e-05 -9.78095711e-03 1.09970405e-01 -2.84964028e-06 1.15871204e-01 -3.75308468e-03 2.30589346e-05
18               9.85607888e-02 9.52885809e-02 8.34633289e-06 -1.15126936e-02 9.62421877e-02 -3.37576402e-06 1.10073482e-01 -9.53606810e-04 1.17220969e-05
19               9.18646561e-02 5.20678165e-02 -6.38608677e-06 -1.29998715e-02 4.88361332e-02 -3.76750186e-06 1.04864528e-01 3.23168338e-03 -2.61858492e-06
20               9.00402971e-02 -6.73469878e-02 -7.58530352e-06 -9.99682097e-03 -7.23186307e-02 -3.25327390e-06 1.00037118e-01 4.97164286e-03 -4.33202962e-06
21               8.61890990e-02 -6.08941132e-02 -6.69090950e-06 -9.37349366e-03 -6.42595850e-02 -3.10874062e-06 9.55625927e-02 3.36547175e-03 -3.58216888e-06
22               8.82305015e-02 -1.35872500e-02 -3.55200422e-06 -3.34606182e-03 -1.35174458e-02 -1.80006456e-06 9.15765633e-02 -6.98042121e-05 -1.75193967e-06
23               8.52673607e-02 -9.92904523e-03 4.99969304e-06 -2.67953456e-03 -7.93261133e-03 -1.54914546e-06 8.79468952e-02 -1.99643391e-03 6.54883849e-06
24               8.06030594e-02 3.21482081e-02 7.14428846e-06 -3.98036234e-03 3.36864411e-02 -1.73524633e-06 8.45834218e-02 -1.53823299e-03 8.87953479e-06
25               7.72280223e-02 3.64523866e-02 5.42050483e-06 -4.28371051e-03 3.61491031e-02 -1.79503174e-06 8.15117328e-02 3.03283459e-04 7.21553657e-06
26               7.14864211e-02 1.22880621e-03 3.43926170e-06 -7.18228859e-03 -5.57841650e-04 -2.40275042e-06 7.86687096e-02 1.78664786e-03 5.84201212e-06
27               6.82209829e-02 -1.63068977e-02 4.09015619e-07 -7.81777007e-03 -1.80871923e-02 -2.58192327e-06 7.60387530e-02 1.78029459e-03 2.99093889e-06
28               6.55366952e-02 -1.51770052e-02 -1.33430076e-06 -8.08420094e-03 -1.60104620e-02 -2.64997983e-06 7.36208961e-02 8.33456707e-04 1.31567907e-06
29               6.57729158e-02 5.23322515e-03 -2.15052670e-06 -5.62221101e-03 5.20980201e-03 -2.13958773e-06 7.13951268e-02 2.34231453e-05 -1.09389699e-08
30               6.41429437e-02 8.03061469e-03 -1.54617584e-07 -5.17510822e-03 7.95712734e-03 -2.01024021e-06 6.93180519e-02 7.34873453e-05 1.85562263e-06
31               6.26172601e-02 9.14092681e-03 1.22272547e-06 -4.75168997e-03 8.53771514e-03 -1.90528748e-06 6.73689501e-02 6.03211668e-04 3.12801295e-06
32               6.11818403e-02 1.15021268e-02 1.42796656e-06 -4.36460635e-03 1.04912477e-02 -1.80276591e-06 6.55464467e-02 1.01087913e-03 3.23073248e-06
33               5.93016921e-02 2.68500892e-03 1.66983266e-06 -4.54235271e-03 1.77020307e-03 -1.81001003e-06 6.38440448e-02 9.14805848e-04 3.47984269e-06
34               5.64362883e-02 -8.07142159e-03 2.04856972e-06 -5.80693208e-03 -8.52625349e-03 -2.05803921e-06 6.22432203e-02 4.54831897e-04 4.10660893e-06
35               5.47670028e-02 -9.52253940e-03 1.73146783e-06 -5.96699892e-03 -9.62470253e-03 -2.10103924e-06 6.07340017e-02 1.02163122e-04 3.83250706e-06
36               5.33541338e-02 3.17528198e-03 7.75730061e-07 -5.95770434e-03 2.96282389e-03 -2.11050010e-06 5.93118381e-02 2.12458092e-04 2.88623017e-06
37               5.27316698e-02 9.01947936e-03 4.98673993e-08 -5.24281918e-03 8.41323270e-03 -1.96434616e-06 5.79744890e-02 6.06246661e-04 2.01421356e-06
38               5.15707538e-02 9.38103432e-03 -1.63956045e-07 -5.15305518e-03 8.42026615e-03 -1.93479320e-06 5.67238089e-02 9.60768168e-04 1.77083716e-06
39               5.06671921e-02 6.11883326e-03 6.38435739e-08 -4.88364219e-03 5.15642397e-03 -1.87129579e-06 5.55508343e-02 9.62409291e-04 1.93513936e-06
40               4.97899266e-02 9.90491011e-04 6.34708192e-07 -4.65427192e-03 3.03768659e-04 -1.80986426e-06 5.44441985e-02 6.86722352e-04 2.44457245e-06
41               4.87682948e-02 -2.70323940e-03 1.17937735e-06 -4.62396701e-03 -3.06787126e-03 -1.78552974e-06 5.33922618e-02 3.64631858e-04 2.96490708e-06
42               4.76081359e-02 -2.30499266e-03 1.44439118e-06 -4.77841285e-03 -2.53145694e-03 -1.80452033e-06 5.23865487e-02 2.26464282e-04 3.24891151e-06
43               4.64313240e-02 7.66720520e-04 1.36092989e-06 -4.99217905e-03 4.40831879e-04 -1.84603054e-06 5.14235030e-02 3.25888641e-04 3.20696043e-06
44               4.54170047e-02 4.41292393e-03 9.27208079e-07 -5.08903662e-03 3.86311052e-03 -1.86938931e-06 5.05060413e-02 5.49813412e-04 2.79659739e-06
45               4.46185751e-02 6.58198437e-03 4.69267996e-07 -5.02646550e-03 5.86126858e-03 -1.85969073e-06 4.96450406e-02 7.20715789e-04 2.32895873e-06
46               4.40488651e-02 4.79331454e-03 2.52523262e-07 -4.79103356e-03 4.05161309e-03 -1.80797456e-06 4.88398987e-02 7.41701452e-04 2.06049782e-06
47               4.33362645e-02 3.68687980e-03 2.82630958e-07 -4.74073357e-03 3.04349066e-03 -1.79038971e-06 4.80769981e-02 6.43389139e-04 2.07302067e-06
48               4.27598552e-02 1.83523841e-03 4.71764687e-07 -4.58614083e-03 1.32800792e-03 -1.75032423e-06 4.73459960e-02 5.07230498e-04 2.22208892e-06
49               4.20751806e-02 1.44726711e-03 7.59510309e-07 -4.56993975e-03 1.00593091e-03 -1.73990722e-06 4.66451204e-02 4.41336200e-04 2.49941753e-06
50               4.14094587e-02 1.65114335e-03 9.13231321e-07 -4.56611015e-03 1.19900812e-03 -1.73393840e-06 4.59755688e-02 4.52135228e-04 2.64716972e-06
51               4.07472551e-02 3.05955924e-03 8.74902719e-07 -4.58655419e-03 2.54828902e-03 -1.73428618e-06 4.53338093e-02 5.11270219e-04 2.60918890e-06
52               4.01067623e-02 5.05754903e-03 7.06018739e-07 -4.61410726e-03 4.49537974e-03 -1.73779215e-06 4.47208695e-02 5.62169288e-04 2.44381089e-06
53               3.96102092e-02 5.02363610e-03 5.45634368e-07 -4.53091698e-03 4.44913278e-03 -1.71849613e-06 4.41411262e-02 5.74503317e-04 2.26413050e-06
54               3.90878611e-02 4.30680327e-03 4.62886800e-07 -4.50595827e-03 3.74390998e-03 -1.70953120e-06 4.35938193e-02 5.62893291e-04 2.17241800e-06
55               3.86674467e-02 2.98057268e-03 5.06196930e-07 -4.40458208e-03 2.44154771e-03 -1.68441073e-06 4.30720288e-02 5.39024976e-04 2.19060766e-06
56               3.81881479e-02 2.94519644e-03 5.72949745e-07 -4.38251770e-03 2.42437249e-03 -1.67417288e-06 4.25706656e-02 5.20823945e-04 2.24712263e-06
57               3.77124046e-02 3.01283473e-03 6.42288797e-07 -4.37731113e-03 2.50885196e-03 -1.66881230e-06 4.20897157e-02 5.03982762e-04 2.31110110e-06
58               3.72580616e-02 3.27576050e-03 6.64635052e-07 -4.37071187e-03 2.77539332e-03 -1.66402879e-06 4.16287735e-02 5.00367175e-04 2.32866385e-06
59               3.68477180e-02 4.11259452e-03 6.12041046e-07 -4.33945500e-03 3.60071558e-03 -1.65448890e-06 4.11871730e-02 5.11878939e-04 2.26652995e-06
60               3.64834198e-02 4.52996493e-03 5.42547840e-07 -4.28247589e-03 4.00352630e-03 -1.63945154e-06 4.07658956e-02 5.26438625e-04 2.18199938e-06
61               3.60876411e-02 4.36763359e-03 5.05071688e-07 -4.27759724e-03 3.83550900e-03 -1.63526036e-06 4.03652384e-02 5.32124589e-04 2.14033204e-06
62               3.57332820e-02 3.96912811e-03 5.05482330e-07 -4.24993832e-03 3.44414667e-03 -1.62704926e-06 3.99832203e-02 5.24981441e-04 2.13253159e-06
63               3.54022279e-02 3.70933803e-03 5.23970045e-07 -4.21493404e-03 3.19479188e-03 -1.61665383e-06 3.96171619e-02 5.14546143e-04 2.14062388e-06
64               3.50861472e-02 3.69817913e-03 5.46332616e-07 -4.17934014e-03 3.19284764e-03 -1.60539470e-06 3.92654874e-02 5.05331492e-04 2.15172731e-06
65               3.47412538e-02 3.68762611e-03 3.73304838e-07 -4.18773293e-03 3.19006211e-03 -1.60377875e-06 3.89289867e-02 4.97563999e-04 1.97708359e-06
66               3.44614763e-02 4.10373035e-03 4.61398947e-07 -4.14513386e-03 3.61432927e-03 -1.59225025e-06 3.86066101e-02 4.89401078e-04 2.05364920e-06
67               3.41891833e-02 4.32576314e-03 5.00418599e-07 -4.10764748e-03 3.82520641e-03 -1.58147852e-06 3.82968308e-02 5.00556725e-04 2.08189712e-06
68               3.38881166e-02 4.40101097e-03 3.45157757e-07 -4.11292281e-03 3.89049771e-03 -1.58000756e-06 3.80010394e-02 5.10513259e-04 1.92516532e-06
69               3.36283783e-02 4.32596266e-03 4.45682559e-07 -4.09018475e-03 3.81873774e-03 -1.57371791e-06 3.77185631e-02 5.07224924e-04 2.01940047e-06
70               3.33975583e-02 4.17787256e-03 4.89101642e-07 -4.05020518e-03 3.67371223e-03 -1.56292248e-06 3.74477635e-02 5.04160331e-04 2.05202412e-06
71               3.31332072e-02 4.19596809e-03 3.71976560e-07 -4.05549830e-03 3.69704385e-03 -1.56123737e-06 3.71887055e-02 4.98924242e-04 1.93321393e-06
72               3.29694719e-02 4.14223892e-03 4.37848482e-07 -3.97069522e-03 3.65173823e-03 -1.54039575e-06 3.69401672e-02 4.90500697e-04 1.97824424e-06
73               3.27178162e-02 4.19394452e-03 2.87379955e-07 -3.98372313e-03 3.70321335e-03 -1.53949243e-06 3.67015393e-02 4.90731171e-04 1.82687238e-06
74               3.24892542e-02 4.24962849e-03 4.30518373e-07 -3.98367234e-03 3.76840394e-03 -1.53757967e-06 3.64729266e-02 4.81224553e-04 1.96809804e-06
75               3.22851633e-02 4.35640645e-03 4.84185442e-07 -3.96783133e-03 3.87049726e-03 -1.53271684e-06 3.62529947e-02 4.85909187e-04 2.01690228e-06
76               3.21156072e-02 4.50975606e-03 4.99366160e-07 -3.92642482e-03 4.01424171e-03 -1.52217704e-06 3.60420320e-02 4.95514354e-04 2.02154320e-06
77               3.19088739e-02 4.58003113e-03 3.74490273e-07 -3.93146162e-03 4.08084064e-03 -1.52097198e-06 3.58403355e-02 4.99190481e-04 1.89546225e-06
78               3.17802860e-02 4.49205874e-03 4.16559447e-07 -3.86706817e-03 3.99916950e-03 -1.50529964e-06 3.56473542e-02 4.92889236e-04 1.92185909e-06
79               3.15855492e-02 4.53852898e-03 2.97818199e-07 -3.87689032e-03 4.05109440e-03 -1.50456885e-06 3.54624395e-02 4.87434579e-04 1.80238705e-06
80               3.14100475e-02 4.47180450e-03 4.02096864e-07 -3.87487803e-03 3.99518081e-03 -1.50235861e-06 3.52849255e-02 4.76623691e-04 1.90445548e-06
81               3.12572533e-02 4.41370451e-03 4.51423499e-07 -3.85657876e-03 3.93537820e-03 -1.49684374e-06 3.51138321e-02 4.78326309e-04 1.94826724e-06
82               3.11381776e-02 4.43052197e-03 4.75411040e-07 -3.81115273e-03 3.94481586e-03 -1.48527266e-06 3.49493303e-02 4.85706115e-04 1.96068370e-06
83               3.09746666e-02 4.50339020e-03 3.63379313e-07 -3.81710209e-03 4.01467014e-03 -1.48422953e-06 3.47917687e-02 4.88720061e-04 1.84760884e-06
84               3.08474824e-02 4.68025695e-03 4.08088464e-07 -3.79328312e-03 4.19830520e-03 -1.47770589e-06 3.46407655e-02 4.81951748e-04 1.88579435e-06
85               3.06986529e-02 4.68148386e-03 3.33733755e-07 -3.79721047e-03 4.20373886e-03 -1.47687211e-06 3.44958633e-02 4.77745000e-04 1.81060587e-06
86               3.05967159e-02 4.66136250e-03 3.98386951e-07 -3.75991351e-03 4.18725249e-03 -1.46756510e-06 3.43566294e-02 4.74110016e-04 1.86595205e-06
87               3.04596450e-02 4.67914346e-03 3.33159352e-07 -3.76311717e-03 4.20189036e-03 -1.46631360e-06 3.42227621e-02 4.77253105e-04 1.79947296e-06
88               3.03873375e-02 4.58149632e-03 4.08184123e-07 -3.70688539e-03 4.10520491e-03 -1.45264560e-06 3.40942229e-02 4.76291412e-04 1.86082973e-06
89               3.02572993e-02 4.63776931e-03 3.24548933e-07 -3.71341485e-03 4.16037446e-03 -1.45171287e-06 3.39707141e-02 4.77394851e-04 1.77626180e-06
90               3.01352691e-02 4.63239897e-03 3.17037990e-07 -3.71713752e-03 4.16261848e-03 -1.45121102e-06 3.38524067e-02 4.69780495e-04 1.76824901e-06
91               3.00418260e-02 4.74497119e-03 4.00199885e-07 -3.69633363e-03 4.27844309e-03 -1.44549087e-06 3.37381596e-02 4.66528104e-04 1.84569075e-06
92               2.99290096e-02 4.74997265e-03 3.59132459e-07 -3.69893500e-03 4.27906232e-03 -1.44457897e-06 3.36279446e-02 4.70910335e-04 1.80371143e-06
93               2.98806282e-02 4.72114214e-03 4.12933420e-07 -3.64160699e-03 4.24842619e-03 -1.43106022e-06 3.35222352e-02 4.72715948e-04 1.84399364e-06
94               2.97722775e-02 4.77888797e-03 3.29326152e-07 -3.64845877e-03 4.30384643e-03 -1.43039561e-06 3.34207362e-02 4.75041533e-04 1.75972176e-06
95               2.96715821e-02 4.77413247e-03 3.15288324e-07 -3.65188342e-03 4.30667068e-03 -1.43002114e-06 3.33234655e-02 4.67461790e-04 1.74530947e-06
96               2.95958128e-02 4.76285424e-03 3.86951358e-07 -3.63399331e-03 4.29965418e-03 -1.42517394e-06 3.32298061e-02 4.63200053e-04 1.81212530e-06
97               2.95045012e-02 4.76515314e-03 3.57260807e-07 -3.63508650e-03 4.29875022e-03 -1.42410515e-06 3.31395877e-02 4.66402922e-04 1.78136595e-06
98               2.94736946e-02 4.79296695e-03 4.00774001e-07 -3.57900643e-03 4.32433818e-03 -1.41079052e-06 3.30527010e-02 4.68628772e-04 1.81156452e-06
99               2.93833758e-02 4.84657906e-03 3.25410251e-07 -3.58564204e-03 4.37607455e-03 -1.41011572e-06 3.29690179e-02 4.70504515e-04 1.73552597e-06
100              2.92992382e-02 4.83390205e-03 3.15779888e-07 -3.58954987e-03 4.37146247e-03 -1.40989635e-06 3.28887881e-02 4.62439586e-04 1.72567624e-06
101              2.92420944e-02 4.80675912e-03 3.86602560e-07 -3.56929339e-03 4.34870136e-03 -1.40459083e-06 3.28113878e-02 4.58057753e-04 1.79119339e-06
102              2.91654883e-02 4.81379045e-03 3.54818100e-07 -3.57121875e-03 4.35188988e-03 -1.40376400e-06 3.27367071e-02 4.61900571e-04 1.75858210e-06
103              2.91291005e-02 4.83722642e-03 4.01905972e-07 -3.53578771e-03 4.37311431e-03 -1.39513103e-06 3.26648882e-02 4.64112105e-04 1.79703700e-06
104              2.90559897e-02 4.87670409e-03 3.46956632e-07 -3.53976780e-03 4.41055540e-03 -1.39447057e-06 3.25957575e-02 4.66148691e-04 1.74142720e-06
105              2.89875680e-02 4.88020283e-03 3.35534018e-07 -3.54181209e-03 4.41864482e-03 -1.39401349e-06 3.25293801e-02 4.61558010e-04 1.72954751e-06
106              2.89607921e-02 4.90198747e-03 3.79753675e-07 -3.50462829e-03 4.44309126e-03 -1.38505865e-06 3.24654204e-02 4.58896213e-04 1.76481232e-06
107              2.88952204e-02 4.92502349e-03 3.35150907e-07 -3.50855133e-03 4.46431839e-03 -1.38437396e-06 3.24037718e-02 4.60705095e-04 1.71952487e-06
108              2.88341867e-02 4.91260389e-03 3.32640502e-07 -3.51036936e-03 4.45490485e-03 -1.38389140e-06 3.23445560e-02 4.57699037e-04 1.71653191e-06
109              2.88102099e-02 4.85482984e-03 3.85183795e-07 -3.47718079e-03 4.39793483e-03 -1.37583402e-06 3.22873907e-02 4.56895003e-04 1.76101781e-06
110              2.87516395e-02 4.88636934e-03 3.46589256e-07 -3.48056710e-03 4.42657026e-03 -1.37517490e-06 3.22322066e-02 4.59799086e-04 1.72176416e-06
111              2.86970524e-02 4.89246564e-03 3.42640993e-07 -3.48216983e-03 4.43504800e-03 -1.37471712e-06 3.21792222e-02 4.57417647e-04 1.71735812e-06
112              2.86788310e-02 4.95046408e-03 3.82682190e-07 -3.44931599e-03 4.49439982e-03 -1.36685023e-06 3.21281470e-02 4.56064267e-04 1.74953242e-06
113              2.86261915e-02 4.97139875e-03 3.42297081e-07 -3.45271855e-03 4.51384821e-03 -1.36624979e-06 3.20789100e-02 4.57550541e-04 1.70854687e-06
114              2.85774642e-02 4.96006663e-03 3.38131800e-07 -3.45417066e-03 4.50560046e-03 -1.36579577e-06 3.20316349e-02 4.54466172e-04 1.70392757e-06
115              2.85606858e-02 4.91143244e-03 3.83037955e-07 -3.42539724e-03 4.45799870e-03 -1.35881246e-06 3.19860830e-02 4.53433747e-04 1.74185042e-06
116              2.85139740e-02 4.93627581e-03 3.50273352e-07 -3.42818614e-03 4.48025691e-03 -1.35818945e-06 3.19421601e-02 4.56018903e-04 1.70846280e-06
117              2.84704955e-02 4.94031308e-03 3.46498651e-07 -3.42946431e-03 4.48588780e-03 -1.35773124e-06 3.18999598e-02 4.54425285e-04 1.70422989e-06
118              2.84587741e-02 4.95726053e-03 3.80908882e-07 -3.40046386e-03 4.50374422e-03 -1.35072185e-06 3.18592380e-02 4.53516313e-04 1.73163074e-06
119              2.84164604e-02 4.97822632e-03 3.45783388e-07 -3.40349234e-03 4.52361904e-03 -1.35017168e-06 3.18199527e-02 4.54607279e-04 1.69595507e-06
120              2.83774850e-02 4.96859299e-03 3.42552659e-07 -3.40476604e-03 4.51713349e-03 -1.34975841e-06 3.17822510e-02 4.51459508e-04 1.69231107e-06
121              2.83668035e-02 4.94671510e-03 3.81577886e-07 -3.37911978e-03 4.49647106e-03 -1.34357259e-06 3.17459233e-02 4.50244048e-04 1.72515048e-06
122              2.83293737e-02 4.96603391e-03 3.52901137e-07 -3.38151876e-03 4.51346321e-03 -1.34301463e-06 3.17108925e-02 4.52570702e-04 1.69591577e-06
123              2.82948143e-02 4.96899530e-03 3.49697958e-07 -3.38243423e-03 4.51762220e-03 -1.34256879e-06 3.16772485e-02 4.51373093e-04 1.69226674e-06
124              2.82871365e-02 4.97945193e-03 3.81241665e-07 -3.35769264e-03 4.52863663e-03 -1.33658689e-06 3.16448291e-02 4.50815295e-04 1.71782856e-06
125              2.82534795e-02 4.99799245e-03 3.52301887e-07 -3.36010325e-03 4.54610166e-03 -1.33606549e-06 3.16135827e-02 4.51890792e-04 1.68836737e-06
126              2.82225968e-02 4.99060180e-03 3.48941352e-07 -3.36099399e-03 4.54118565e-03 -1.33563564e-06 3.15835908e-02 4.49416149e-04 1.68457699e-06
127              2.82173310e-02 4.96298485e-03 3.81252736e-07 -3.33734381e-03 4.51466676e-03 -1.32998430e-06 3.15546748e-02 4.48318085e-04 1.71123703e-06
128              2.81870447e-02 4.97851135e-03 3.54609171e-07 -3.33973016e-03 4.52861208e-03 -1.32948418e-06 3.15267748e-02 4.49899272e-04 1.68409335e-06
129              2.81716753e-02 4.97789037e-03 3.87598976e-07 -3.32826991e-03 4.52914864e-03 -1.32636758e-06 3.14999452e-02 4.48741733e-04 1.71396656e-06
130              2.81447615e-02 4.98397130e-03 3.62468914e-07 -3.32938344e-03 4.53522854e-03 -1.32585218e-06 3.14741450e-02 4.48742761e-04 1.68832109e-06
131              2.81297615e-02 4.98072695e-03 3.89382938e-07 -3.31956743e-03 4.53295845e-03 -1.32322576e-06 3.14493289e-02 4.47768498e-04 1.71260870e-06
132              2.81049778e-02 4.98699679e-03 3.68528158e-07 -3.32044059e-03 4.53876850e-03 -1.32273230e-06 3.14254183e-02 4.48228290e-04 1.69126046e-06
133              2.80987407e-02 5.00236952e-03 3.84901463e-07 -3.30369539e-03 4.55436303e-03 -1.31859755e-06 3.14024361e-02 4.48006493e-04 1.70349902e-06
134              2.80744784e-02 5.01311334e-03 3.58594886e-07 -3.30584462e-03 4.56476509e-03 -1.31822322e-06 3.13803231e-02 4.48348249e-04 1.67681811e-06
135              2.80661840e-02 4.98251701e-03 3.81845523e-07 -3.29288877e-03 4.53585073e-03 -1.31488352e-06 3.13590728e-02 4.46666283e-04 1.69672905e-06
136              2.80444606e-02 4.98783825e-03 3.59890245e-07 -3.29417867e-03 4.54129363e-03 -1.31443786e-06 3.13386393e-02 4.46544625e-04 1.67432810e-06
137              2.80355249e-02 4.97095839e-03 3.86635202e-07 -3.28343436e-03 4.52548255e-03 -1.31164765e-06 3.13189592e-02 4.45475839e-04 1.69828286e-06
138              2.80157905e-02 4.97890853e-03 3.68282420e-07 -3.28418580e-03 4.53303142e-03 -1.31115919e-06 3.12999763e-02 4.45877105e-04 1.67944161e-06
139              2.80098999e-02 5.00686700e-03 3.87133557e-07 -3.27183394e-03 4.56138015e-03 -1.30802316e-06 3.12817338e-02 4.45486854e-04 1.69515672e-06
140              2.79909435e-02 5.01280710e-03 3.66323542e-07 -3.27323513e-03 4.56707230e-03 -1.30764972e-06 3.12641786e-02 4.45734799e-04 1.67397327e-06
141              2.79859825e-02 4.98898991e-03 3.85667762e-07 -3.26134507e-03 4.54430105e-03 -1.30464243e-06 3.12473276e-02 4.44688859e-04 1.69031020e-06
142              2.79684944e-02 4.99459140e-03 3.65807483e-07 -3.26264054e-03 4.54969350e-03 -1.30427044e-06 3.12311350e-02 4.44897901e-04 1.67007792e-06
143              2.79628513e-02 4.97972484e-03 3.86041066e-07 -3.25270815e-03 4.53568591e-03 -1.30168275e-06 3.12155594e-02 4.44038929e-04 1.68772382e-06
144              2.79470736e-02 4.98622661e-03 3.68940675e-07 -3.25348722e-03 4.54199341e-03 -1.30125812e-06 3.12005609e-02 4.44233201e-04 1.67019880e-06
145              2.79432571e-02 4.99134644e-03 3.87203218e-07 -3.24288377e-03 4.54776407e-03 -1.29855220e-06 3.11861409e-02 4.43582370e-04 1.68575542e-06
146              2.79283561e-02 4.99692515e-03 3.70030742e-07 -3.24389298e-03 4.55320225e-03 -1.29817881e-06 3.11722491e-02 4.43722895e-04 1.66820956e-06
147              2.79256059e-02 4.99128881e-03 3.86989558e-07 -3.23330071e-03 4.54836373e-03 -1.29549723e-06 3.11589066e-02 4.42925078e-04 1.68248678e-06
148              2.79116667e-02 4.99615582e-03 3.69638724e-07 -3.23440853e-03 4.55302258e-03 -1.29515746e-06 3.11460752e-02 4.43133243e-04 1.66479619e-06
149              2.79081219e-02 4.98219214e-03 3.87351372e-07 -3.22562750e-03 4.53981951e-03 -1.29288057e-06 3.11337494e-02 4.42372627e-04 1.68023194e-06
150              2.78955361e-02 4.98728455e-03 3.72187219e-07 -3.22635829e-03 4.54469103e-03 -1.29251506e-06 3.11218944e-02 4.42593523e-04 1.66470228e-06
151              2.78932310e-02 4.98655868e-03 3.88199726e-07 -3.21727231e-03 4.54449183e-03 -1.29019220e-06 3.11105033e-02 4.42066846e-04 1.67839193e-06
152              2.78814693e-02 4.99174677e-03 3.73407626e-07 -3.21806606e-03 4.54952698e-03 -1.28984725e-06 3.10995354e-02 4.42219788e-04 1.66325488e-06
153              2.78804843e-02 4.98861694e-03 3.87880481e-07 -3.20851615e-03 4.54706494e-03 -1.28743331e-06 3.10890005e-02 4.41552003e-04 1.67531380e-06
154              2.78693979e-02 4.99300382e-03 3.72677979e-07 -3.20946526e-03 4.55134213e-03 -1.28712083e-06 3.10788632e-02 4.41661689e-04 1.65979881e-06
155              2.78675043e-02 4.97847709e-03 3.88369071e-07 -3.20162007e-03 4.53757234e-03 -1.28508796e-06 3.10691244e-02 4.40904746e-04 1.67345703e-06
156              2.78574859e-02 4.98260548e-03 3.75007987e-07 -3.20226755e-03 4.54152825e-03 -1.28476106e-06 3.10597535e-02 4.41077231e-04 1.65976905e-06
157              2.78563136e-02 4.98079406e-03 3.89430614e-07 -3.19443896e-03 4.54017770e-03 -1.28275709e-06 3.10507525e-02 4.40616361e-04 1.67218770e-06
158              2.78470140e-02 4.98531508e-03 3.76617006e-07 -3.19507398e-03 4.54451726e-03 -1.28244224e-06 3.10420880e-02 4.40797822e-04 1.65905924e-06
159              2.78469925e-02 4.98605436e-03 3.89206565e-07 -3.18677976e-03 4.54577461e-03 -1.28034864e-06 3.10337723e-02 4.40279752e-04 1.66955520e-06
160              2.78382054e-02 4.98977993e-03 3.76035256e-07 -3.18756899e-03 4.54939672e-03 -1.28006579e-06 3.10257744e-02 4.40383211e-04 1.65610104e-06
161              2.78376672e-02 4.97654854e-03 3.89422527e-07 -3.18042543e-03 4.53681394e-03 -1.27822591e-06 3.10180927e-02 4.39734600e-04 1.66764844e-06
162              2.78296887e-02 4.98021794e-03 3.77535782e-07 -3.18101108e-03 4.54034605e-03 -1.27793488e-06 3.10106998e-02 4.39871894e-04 1.65547067e-06
163              2.78293734e-02 4.97421355e-03 3.90368562e-07 -3.17422356e-03 4.53479990e-03 -1.27618959e-06 3.10035970e-02 4.39413651e-04 1.66655815e-06
164              2.78220181e-02 4.97811866e-03 3.79232702e-07 -3.17473718e-03 4.53857022e-03 -1.27590267e-06 3.09967553e-02 4.39548440e-04 1.65513537e-06
165              2.78226264e-02 4.97937511e-03 3.90528311e-07 -3.16756413e-03 4.54027831e-03 -1.27409002e-06 3.09901905e-02 4.39096808e-04 1.66461833e-06
166              2.78156692e-02 4.98252599e-03 3.79162819e-07 -3.16820573e-03 4.54333327e-03 -1.27383152e-06 3.09838750e-02 4.39192719e-04 1.65299434e-06
167              2.78160064e-02 4.97460327e-03 3.90694901e-07 -3.16180660e-03 4.53594319e-03 -1.27219435e-06 3.09778131e-02 4.38660079e-04 1.66288925e-06
168              2.78096532e-02 4.97768724e-03 3.80166375e-07 -3.16232830e-03 4.53888893e-03 -1.27193720e-06 3.09719815e-02 4.38798311e-04 1.65210358e-06
169              2.78099179e-02 4.97072338e-03 3.91368140e-07 -3.15646290e-03 4.53232872e-03 -1.27042605e-06 3.09663808e-02 4.38394653e-04 1.66179419e-06
170              2.78041050e-02 4.97407672e-03 3.81670555e-07 -3.15688149e-03 4.53555907e-03 -1.27016870e-06 3.09609865e-02 4.38517654e-04 1.65183926e-06
171              2.78051814e-02 4.97247463e-03 3.91642698e-07 -3.15062804e-03 4.53434456e-03 -1.26858660e-06 3.09558095e-02 4.38130072e-04 1.66022930e-06
172              2.77996737e-02 4.97540152e-03 3.81801487e-07 -3.15115136e-03 4.53720331e-03 -1.26835100e-06 3.09508251e-02 4.38198205e-04 1.65015249e-06
173              2.78005333e-02 4.97015360e-03 3.91851476e-07 -3.14550792e-03 4.53243312e-03 -1.26690995e-06 3.09460412e-02 4.37720482e-04 1.65876143e-06
174              2.77954771e-02 4.97261029e-03 3.82605332e-07 -3.14596025e-03 4.53478860e-03 -1.26668096e-06 3.09414374e-02 4.37821688e-04 1.64928629e-06
175              2.77961680e-02 4.96710417e-03 3.92448259e-07 -3.14085034e-03 4.52964174e-03 -1.26536615e-06 3.09370183e-02 4.37462423e-04 1.65781441e-06
176              2.77915660e-02 4.96988839e-03 3.83977787e-07 -3.14119691e-03 4.53229219e-03 -1.26513673e-06 3.09327629e-02 4.37596200e-04 1.64911452e-06
177              2.77928891e-02 4.96779655e-03 3.92717913e-07 -3.13579113e-03 4.53050860e-03 -1.26376901e-06 3.09286802e-02 4.37287955e-04 1.65648692e-06
178              2.77885352e-02 4.97049061e-03 3.84193009e-07 -3.13621377e-03 4.53313371e-03 -1.26355674e-06 3.09247490e-02 4.37356902e-04 1.64774975e-06
179              2.77896855e-02 4.96571771e-03 3.92897033e-07 -3.13129055e-03 4.52877352e-03 -1.26230021e-06 3.09209761e-02 4.36944192e-04 1.65519724e-06
180              2.77856713e-02 4.96778810e-03 3.84829810e-07 -3.13167185e-03 4.53077942e-03 -1.26209584e-06 3.09173432e-02 4.37008684e-04 1.64692565e-06
181              2.77866488e-02 4.96272306e-03 3.93430762e-07 -3.12720787e-03 4.52604588e-03 -1.26094825e-06 3.09138566e-02 4.36677184e-04 1.65437901e-06
182              2.77829988e-02 4.96499096e-03 3.86031187e-07 -3.12749891e-03 4.52819845e-03 -1.26074400e-06 3.09104977e-02 4.36792508e-04 1.64677519e-06
183              2.77844548e-02 4.96323284e-03 3.93712126e-07 -3.12282080e-03 4.52670210e-03 -1.25956082e-06 3.09072756e-02 4.36530746e-04 1.65327295e-06
184              2.77810083e-02 4.96559161e-03 3.86316296e-07 -3.12316419e-03 4.52898796e-03 -1.25937070e-06 3.09041725e-02 4.36603653e-04 1.64568700e-06
185              2.77822697e-02 4.96190385e-03 3.93891508e-07 -3.11892566e-03 4.52564457e-03 -1.25828926e-06 3.09011953e-02 4.36259281e-04 1.65218077e-06
186              2.77790934e-02 4.96366952e-03 3.86901738e-07 -3.11923499e-03 4.52735587e-03 -1.25810693e-06 3.08983284e-02 4.36313653e-04 1.64500867e-06
187              2.77802220e-02 4.95903026e-03 3.94340144e-07 -3.11535584e-03 4.52300207e-03 -1.25711109e-06 3.08955778e-02 4.36028190e-04 1.65145123e-06
188              2.77773302e-02 4.96092622e-03 3.87893240e-07 -3.11559666e-03 4.52480223e-03 -1.25692969e-06 3.08929268e-02 4.36123998e-04 1.64482293e-06
189              2.77788306e-02 4.95882973e-03 3.94589811e-07 -3.11155337e-03 4.52293696e-03 -1.25590706e-06 3.08903840e-02 4.35892771e-04 1.65049687e-06
190              2.77760983e-02 4.96085555e-03 3.88171787e-07 -3.11183524e-03 4.52490111e-03 -1.25573775e-06 3.08879336e-02 4.35954441e-04 1.64390954e-06
191              2.77773716e-02 4.95789778e-03 3.94788216e-07 -3.10821135e-03 4.52223990e-03 -1.25481255e-06 3.08855830e-02 4.35657882e-04 1.64960077e-06
192              2.77748614e-02 4.95936867e-03 3.88760558e-07 -3.10845705e-03 4.52366303e-03 -1.25464996e-06 3.08833185e-02 4.35705641e-04 1.64341051e-06
193              2.77760449e-02 4.95576460e-03 3.95178516e-07 -3.10510187e-03 4.52029678e-03 -1.25379041e-06 3.08811468e-02 4.35467823e-04 1.64896892e-06
194              2.77737574e-02 4.95736039e-03 3.89579525e-07 -3.10529583e-03 4.52180693e-03 -1.25362943e-06 3.08790533e-02 4.35553453e-04 1.64320896e-06
195              2.77752151e-02 4.95520230e-03 3.95388116e-07 -3.10183063e-03 4.51984741e-03 -1.25275324e-06 3.08770457e-02 4.35354893e-04 1.64814136e-06
196              2.77730524e-02 4.95692897e-03 3.89835300e-07 -3.10205818e-03 4.52152228e-03 -1.25260305e-06 3.08751106e-02 4.35406692e-04 1.64243835e-06
197              2.77742776e-02 4.95413667e-03 3.95585638e-07 -3.09897692e-03 4.51898442e-03 -1.25181569e-06 3.08732545e-02 4.35152244e-04 1.64740133e-06
198              2.77722967e-02 4.95536552e-03 3.90402656e-07 -3.09916863e-03 4.52017396e-03 -1.25167099e-06 3.08714653e-02 4.35191559e-04 1.64207364e-06
199              2.77734725e-02 4.95252688e-03 3.95921112e-07 -3.09627728e-03 4.51753573e-03 -1.25093151e-06 3.08697498e-02 4.34991157e-04 1.64685262e-06
200              2.77716638e-02 4.95386306e-03 3.91070164e-07 -3.09643122e-03 4.51879884e-03 -1.25078893e-06 3.08680950e-02 4.35064224e-04 1.64185909e-06
201              2.77730202e-02 4.95197475e-03 3.96109385e-07 -3.09348852e-03 4.51708232e-03 -1.25004487e-06 3.08665087e-02 4.34892428e-04 1.64615426e-06
202              2.77713120e-02 4.95341205e-03 3.91324032e-07 -3.09366723e-03 4.51847449e-03 -1.24991185e-06 3.08649792e-02 4.34937557e-04 1.64123588e-06
203              2.77724474e-02 4.95090891e-03 3.96302918e-07 -3.09106538e-03 4.51618389e-03 -1.24924678e-06 3.08635128e-02 4.34725023e-04 1.64554970e-06
204              2.77708895e-02 4.95193868e-03 3.91857276e-07 -3.09120915e-03 4.51717819e-03 -1.24911807e-06 3.08620986e-02 4.34760496e-04 1.64097534e-06
205              2.77720097e-02 4.94958282e-03 3.96578541e-07 -3.08873327e-03 4.51498872e-03 -1.24848591e-06 3.08607429e-02 4.34594099e-04 1.64506445e-06
206              2.77705824e-02 4.95071005e-03 3.92384455e-07 -3.08885216e-03 4.51605631e-03 -1.24835983e-06 3.08594346e-02 4.34653734e-04 1.64074429e-06
207              2.77718023e-02 4.94898408e-03 3.96748391e-07 -3.08637818e-03 4.51448127e-03 -1.24773381e-06 3.08581805e-02 4.34502815e-04 1.64448220e-06
208              2.77704572e-02 4.95015394e-03 3.92639689e-07 -3.08651341e-03 4.51561411e-03 -1.24761600e-06 3.08569706e-02 4.34539825e-04 1.64025569e-06
209              2.77714806e-02 4.94803714e-03 3.96936230e-07 -3.08433043e-03 4.51367344e-03 -1.24705793e-06 3.08558110e-02 4.34363695e-04 1.64399416e-06
210              2.77712894e-02 4.94741106e-03 3.99003787e-07 -3.08339422e-03 4.51295261e-03 -1.24672801e-06 3.08546836e-02 4.34458455e-04 1.64573180e-06
211              2.77701516e-02 4.94820223e-03 3.94864993e-07 -3.08345438e-03 4.51375808e-03 -1.24662624e-06 3.08536059e-02 4.34444145e-04 1.64149123e-06
212              2.77707169e-02 4.94649936e-03 3.97535066e-07 -3.08185861e-03 4.51223250e-03 -1.24620306e-06 3.08525755e-02 4.34266857e-04 1.64373812e-06
213              2.77710620e-02 4.94723924e-03 3.98664110e-07 -3.08051358e-03 4.51293364e-03 -1.24580549e-06 3.08515756e-02 4.34305603e-04 1.64446960e-06
214              2.77708492e-02 4.94736805e-03 3.99140569e-07 -3.07976473e-03 4.51303542e-03 -1.24552917e-06 3.08506140e-02 4.34332621e-04 1.64466974e-06
215              2.77698769e-02 4.94757656e-03 3.95010136e-07 -3.07982273e-03 4.51334730e-03 -1.24544036e-06 3.08496997e-02 4.34229264e-04 1.64045050e-06
216              2.77707075e-02 4.94472701e-03 3.97125993e-07 -3.07811634e-03 4.51069578e-03 -1.24500363e-06 3.08488239e-02 4.34031230e-04 1.64212962e-06
217              2.77709522e-02 4.94412502e-03 3.98569880e-07 -3.07701480e-03 4.51003143e-03 -1.24466903e-06 3.08479670e-02 4.34093591e-04 1.64323891e-06
218              2.77700278e-02 4.94507588e-03 3.95257087e-07 -3.07711524e-03 4.51098209e-03 -1.24458744e-06 3.08471431e-02 4.34093789e-04 1.63984453e-06
219              2.77709431e-02 4.94486099e-03 3.97583427e-07 -3.07541563e-03 4.51092735e-03 -1.24415476e-06 3.08463588e-02 4.33933645e-04 1.64173819e-06
220              2.77709021e-02 4.94442061e-03 3.98985838e-07 -3.07469715e-03 4.51044914e-03 -1.24390397e-06 3.08455993e-02 4.33971462e-04 1.64288981e-06
221              2.77701352e-02 4.94478088e-03 3.95871963e-07 -3.07473799e-03 4.51084147e-03 -1.24382380e-06 3.08448732e-02 4.33939412e-04 1.63969577e-06
222              2.77707181e-02 4.94267252e-03 3.98089304e-07 -3.07345992e-03 4.50887182e-03 -1.24349070e-06 3.08441780e-02 4.33800701e-04 1.64158001e-06
223              2.77709655e-02 4.94219935e-03 3.99253899e-07 -3.07253305e-03 4.50835329e-03 -1.24321253e-06 3.08434985e-02 4.33846067e-04 1.64246642e-06
224              2.77709073e-02 4.94245615e-03 3.99698856e-07 -3.07193548e-03 4.50858008e-03 -1.24299902e-06 3.08428428e-02 4.33876067e-04 1.64269787e-06
225              2.77702337e-02 4.94281985e-03 3.96649728e-07 -3.07198732e-03 4.50901322e-03 -1.24293460e-06 3.08422211e-02 4.33806625e-04 1.63958433e-06
226              2.77708114e-02 4.94246150e-03 3.98072793e-07 -3.07081620e-03 4.50880236e-03 -1.24262974e-06 3.08416276e-02 4.33659139e-04 1.64070254e-06
227              2.77710323e-02 4.94186100e-03 3.99045921e-07 -3.07001637e-03 4.50815888e-03 -1.24238751e-06 3.08410486e-02 4.33702117e-04 1.64143343e-06
228              2.77709500e-02 4.94116910e-03 3.99609596e-07 -3.06953828e-03 4.50742535e-03 -1.24221236e-06 3.08404883e-02 4.33743748e-04 1.64182196e-06
229              2.77703936e-02 4.94151933e-03 3.96980517e-07 -3.06956228e-03 4.50782511e-03 -1.24215011e-06 3.08399558e-02 4.33694225e-04 1.63913063e-06
230              2.77710089e-02 4.94064721e-03 3.98337728e-07 -3.06843947e-03 4.50707606e-03 -1.24186222e-06 3.08394484e-02 4.33571143e-04 1.64019994e-06
231              2.77711934e-02 4.94039117e-03 3.99275118e-07 -3.06775942e-03 4.50680443e-03 -1.24165323e-06 3.08389528e-02 4.33586734e-04 1.64092835e-06
232              2.77710820e-02 4.94006951e-03 3.99771530e-07 -3.06739035e-03 4.50647490e-03 -1.24151019e-06 3.08384724e-02 4.33594614e-04 1.64128172e-06
233              2.77710177e-02 4.93953235e-03 3.99862939e-07 -3.06699501e-03 4.50596196e-03 -1.24137015e-06 3.08380127e-02 4.33570386e-04 1.64123309e-06
234              2.77709867e-02 4.93955608e-03 3.99751286e-07 -3.06658627e-03 4.50601487e-03 -1.24123206e-06 3.08375729e-02 4.33541207e-04 1.64098334e-06
235              2.77710237e-02 4.93987650e-03 3.99579622e-07 -3.06612646e-03 4.50636184e-03 -1.24108499e-06 3.08371502e-02 4.33514660e-04 1.64066462e-06
236              2.77711095e-02 4.93962936e-03 3.99469101e-07 -3.06563369e-03 4.50613442e-03 -1.24093092e-06 3.08367432e-02 4.33494944e-04 1.64040002e-06
237              2.77711369e-02 4.93896151e-03 3.99451442e-07 -3.06521473e-03 4.50548220e-03 -1.24079201e-06 3.08363516e-02 4.33479312e-04 1.64024345e-06
238              2.77711351e-02 4.93837450e-03 3.99491261e-07 -3.06484036e-03 4.50491549e-03 -1.24066459e-06 3.08359754e-02 4.33459005e-04 1.64015585e-06
239              2.77711470e-02 4.93814317e-03 3.99567700e-07 -3.06446696e-03 4.50470972e-03 -1.24054084e-06 3.08356139e-02 4.33433451e-04 1.64010854e-06
240              2.77711732e-02 4.93819798e-03 3.99644931e-07 -3.06409254e-03 4.50479126e-03 -1.24041953e-06 3.08352657e-02 4.33406728e-04 1.64006446e-06
241              2.77712061e-02 4.93817368e-03 3.99696622e-07 -3.06372384e-03 4.50478991e-03 -1.24030092e-06 3.08349299e-02 4.33383773e-04 1.63999754e-06
242              2.77712190e-02 4.93786937e-03 3.99723195e-07 -3.06338760e-03 4.50450175e-03 -1.24019015e-06 3.08346066e-02 4.33367621e-04 1.63991335e-06
243              2.77712096e-02 4.93745974e-03 3.99725901e-07 -3.06308629e-03 4.50410400e-03 -1.24008810e-06 3.08342959e-02 4.33355735e-04 1.63981400e-06
244              2.77711956e-02 4.93715888e-03 3.99718214e-07 -3.06280194e-03 4.50381527e-03 -1.23999151e-06 3.08339975e-02 4.33343612e-04 1.63970973e-06
245              2.77711871e-02 4.93701270e-03 3.99718318e-07 -3.06252374e-03 4.50368388e-03 -1.23989827e-06 3.08337108e-02 4.33328820e-04 1.63961658e-06
246              2.77711831e-02 4.93689795e-03 3.99733013e-07 -3.06225178e-03 4.50358549e-03 -1.23980811e-06 3.08334348e-02 4.33312457e-04 1.63954113e-06
247              2.77711759e-02 4.93671416e-03 3.99756043e-07 -3.06199310e-03 4.50341658e-03 -1.23972223e-06 3.08331690e-02 4.33297578e-04 1.63947827e-06
248              2.77711558e-02 4.93646601e-03 3.99777858e-07 -3.06175720e-03 4.50318020e-03 -1.23964252e-06 3.08329130e-02 4.33285809e-04 1.63942038e-06
249              2.77711259e-02 4.93623146e-03 3.99789875e-07 -3.06154101e-03 4.50295535e-03 -1.23956848e-06 3.08326669e-02 4.33276114e-04 1.63935836e-06
250              2.77710914e-02 4.93604987e-03 3.99794255e-07 -3.06133908e-03 4.50278301e-03 -1.23949906e-06 3.08324304e-02 4.33266854e-04 1.63929331e-06
251              2.77710538e-02 4.93589511e-03 3.99798476e-07 -3.06114927e-03 4.50263782e-03 -1.23943379e-06 3.08322031e-02 4.33257281e-04 1.63923227e-06
252              2.77710119e-02 4.93572568e-03 3.99806490e-07 -3.06097242e-03 4.50247773e-03 -1.23937280e-06 3.08319843e-02 4.33247946e-04 1.63917929e-06
253              2.77709640e-02 4.93553457e-03 3.99816410e-07 -3.06080976e-03 4.50229474e-03 -1.23931625e-06 3.08317737e-02 4.33239831e-04 1.63913266e-06
254              2.77709094e-02 4.93534678e-03 3.99824242e-07 -3.06066174e-03 4.50211353e-03 -1.23926420e-06 3.08315711e-02 4.33233248e-04 1.63908844e-06
255              2.77708485e-02 4.93518113e-03 3.99828370e-07 -3.06052780e-03 4.50195344e-03 -1.23921651e-06 3.08313763e-02 4.33227684e-04 1.63904488e-06
256              2.77707817e-02 4.93503092e-03 3.99830563e-07 -3.06040724e-03 4.50180838e-03 -1.23917303e-06 3.08311890e-02 4.33222533e-04 1.63900360e-06
257              2.77707090e-02 4.93487853e-03 3.99833283e-07 -3.06029981e-03 4.50166083e-03 -1.23913371e-06 3.08310089e-02 4.33217695e-04 1.63896700e-06
258              2.77706302e-02 4.93471707e-03 3.99837048e-07 -3.06020542e-03 4.50150357e-03 -1.23909851e-06 3.08308356e-02 4.33213498e-04 1.63893556e-06
259              2.77705452e-02 4.93455494e-03 3.99840384e-07 -3.06012371e-03 4.50134470e-03 -1.23906731e-06 3.08306690e-02 4.33210242e-04 1.63890770e-06
260              2.77704389e-02 4.93439240e-03 3.99845513e-07 -3.06006982e-03 4.50118447e-03 -1.23904341e-06 3.08305087e-02 4.33207927e-04 1.63888892e-06
261              2.77703367e-02 4.93426633e-03 3.99838320e-07 -3.06001791e-03 4.50105993e-03 -1.23902139e-06 3.08303546e-02 4.33206402e-04 1.63885971e-06
262              2.77702480e-02 4.93414038e-03 3.99828298e-07 -3.05995847e-03 4.50093350e-03 -1.23899887e-06 3.08302064e-02 4.33206882e-04 1.63882717e-06
263              2.77701608e-02 4.93400264e-03 3.99826933e-07 -3.05990317e-03 4.50079470e-03 -1.23897807e-06 3.08300639e-02 4.33207941e-04 1.63880500e-06
264              2.77700653e-02 4.93385934e-03 3.99833477e-07 -3.05986165e-03 4.50065219e-03 -1.23896104e-06 3.08299269e-02 4.33207147e-04 1.63879452e-06
265              2.77699567e-02 4.93372154e-03 3.99842677e-07 -3.05983840e-03 4.50051722e-03 -1.23894885e-06 3.08297951e-02 4.33204325e-04 1.63879152e-06
266              2.77698186e-02 4.93358533e-03 3.99854192e-07 -3.05984972e-03 4.50038390e-03 -1.23894518e-06 3.08296684e-02 4.33201429e-04 1.63879937e-06
267              2.77696725e-02 4.93345667e-03 3.99853441e-07 -3.05987390e-03 4.50025586e-03 -1.23894572e-06 3.08295464e-02 4.33200817e-04 1.63879916e-06
268              2.77695235e-02 4.93333524e-03 3.99842865e-07 -3.05990560e-03 4.50013023e-03 -1.23894923e-06 3.08294291e-02 4.33205012e-04 1.63879210e-06
269              2.77693793e-02 4.93320944e-03 3.99823828e-07 -3.05993720e-03 4.49999678e-03 -1.23895377e-06 3.08293165e-02 4.33212657e-04 1.63877760e-06
270              2.77692114e-02 4.93313071e-03 3.99812716e-07 -3.05999733e-03 4.49990982e-03 -1.23896593e-06 3.08292087e-02 4.33220890e-04 1.63877864e-06
271              2.77690599e-02 4.93304193e-03 3.99789023e-07 -3.06004530e-03 4.49981524e-03 -1.23897662e-06 3.08291052e-02 4.33226682e-04 1.63876564e-06
272              2.77689177e-02 4.93292727e-03 3.99774532e-07 -3.06008799e-03 4.49969518e-03 -1.23898675e-06 3.08290057e-02 4.33232088e-04 1.63876128e-06
273              2.77687675e-02 4.93278768e-03 3.99777615e-07 -3.06014239e-03 4.49955152e-03 -1.23899993e-06 3.08289099e-02 4.33236162e-04 1.63877755e-06
274              2.77685947e-02 4.93266857e-03 3.99795740e-07 -3.06022297e-03 4.49943038e-03 -1.23902008e-06 3.08288176e-02 4.33238189e-04 1.63881582e-06
275              2.77683935e-02 4.93252888e-03 3.99799189e-07 -3.06033556e-03 4.49928890e-03 -1.23904757e-06 3.08287291e-02 4.33239981e-04 1.63884676e-06
276              2.77682155e-02 4.93246290e-03 3.99781265e-07 -3.06042869e-03 4.49921722e-03 -1.23907227e-06 3.08286442e-02 4.33245672e-04 1.63885353e-06
277              2.77680459e-02 4.93242279e-03 3.99760515e-07 -3.06051678e-03 4.49916605e-03 -1.23909660e-06 3.08285627e-02 4.33256742e-04 1.63885711e-06
278              2.77678608e-02 4.93233769e-03 3.99748406e-07 -3.06062352e-03 4.49906951e-03 -1.23912555e-06 3.08284843e-02 4.33268181e-04 1.63887396e-06
279              2.77676604e-02 4.93220301e-03 3.99740940e-07 -3.06074874e-03 4.49892664e-03 -1.23915934e-06 3.08284091e-02 4.33276368e-04 1.63890027e-06
280              2.77674604e-02 4.93207690e-03 3.99732152e-07 -3.06087658e-03 4.49879452e-03 -1.23919461e-06 3.08283369e-02 4.33282380e-04 1.63892676e-06
281              2.77672682e-02 4.93199668e-03 3.99722678e-07 -3.06099936e-03 4.49870784e-03 -1.23922954e-06 3.08282676e-02 4.33288845e-04 1.63895222e-06
282              2.77670730e-02 4.93194346e-03 3.99715778e-07 -3.06112789e-03 4.49864668e-03 -1.23926627e-06 3.08282009e-02 4.33296779e-04 1.63898204e-06
283              2.77668597e-02 4.93188273e-03 3.99710931e-07 -3.06127723e-03 4.49857709e-03 -1.23930809e-06 3.08281370e-02 4.33305634e-04 1.63901903e-06
284              2.77666443e-02 4.93179859e-03 3.99699759e-07 -3.06143140e-03 4.49848341e-03 -1.23935183e-06 3.08280757e-02 4.33315184e-04 1.63905159e-06
285              2.77664258e-02 4.93170648e-03 3.99685719e-07 -3.06159114e-03 4.49838037e-03 -1.23939743e-06 3.08280169e-02 4.33326104e-04 1.63908315e-06
286              2.77662040e-02 4.93161767e-03 3.99671261e-07 -3.06175647e-03 4.49828046e-03 -1.23944489e-06 3.08279604e-02 4.33337206e-04 1.63911615e-06
287              2.77659810e-02 4.93153566e-03 3.99656627e-07 -3.06192529e-03 4.49818801e-03 -1.23949374e-06 3.08279063e-02 4.33347654e-04 1.63915036e-06
288              2.77657525e-02 4.93145855e-03 3.99643824e-07 -3.06210187e-03 4.49810077e-03 -1.23954485e-06 3.08278543e-02 4.33357785e-04 1.63918867e-06
289              2.77655193e-02 4.93138901e-03 3.99631832e-07 -3.06228532e-03 4.49802075e-03 -1.23959809e-06 3.08278046e-02 4.33368260e-04 1.63922992e-06
290              2.77652835e-02 4.93133084e-03 3.99618757e-07 -3.06247343e-03 4.49795112e-03 -1.23965296e-06 3.08277570e-02 4.33379714e-04 1.63927171e-06
291              2.77650456e-02 4.93127879e-03 3.99603907e-07 -3.06266577e-03 4.49788676e-03 -1.23970928e-06 3.08277114e-02 4.33392036e-04 1.63931319e-06
292              2.77648049e-02 4.93122003e-03 3.99587939e-07 -3.06286280e-03 4.49781549e-03 -1.23976711e-06 3.08276677e-02 4.33404541e-04 1.63935505e-06
293              2.77645621e-02 4.93114778e-03 3.99571847e-07 -3.06306378e-03 4.49773104e-03 -1.23982628e-06 3.08276259e-02 4.33416734e-04 1.63939812e-06
294              2.77643192e-02 4.93106965e-03 3.99556113e-07 -3.06326673e-03 4.49764098e-03 -1.23988632e-06 3.08275859e-02 4.33428668e-04 1.63944244e-06
295              2.77640770e-02 4.93099922e-03 3.99540912e-07 -3.06347061e-03 4.49755860e-03 -1.23994696e-06 3.08275476e-02 4.33440619e-04 1.63948787e-06
296              2.77638341e-02 4.93094169e-03 3.99526663e-07 -3.06367683e-03 4.49748903e-03 -1.24000843e-06 3.08275109e-02 4.33452663e-04 1.63953509e-06
297              2.77635879e-02 4.93089109e-03 3.99513602e-07 -3.06388786e-03 4.49742640e-03 -1.24007126e-06 3.08274758e-02 4.33464692e-04 1.63958486e-06
298              2.77633383e-02 4.93083983e-03 3.99500682e-07 -3.06410396e-03 4.49736308e-03 -1.24013555e-06 3.08274422e-02 4.33476747e-04 1.63963623e-06
299              2.77630888e-02 4.93078713e-03 3.99485619e-07 -3.06432139e-03 4.49729801e-03 -1.24020049e-06 3.08274101e-02 4.33489118e-04 1.63968611e-06
300              2.77628439e-02 4.93073600e-03 3.99467367e-07 -3.06453559e-03 4.49723401e-03 -1.24026497e-06 3.08273795e-02 4.33501992e-04 1.63973234e-06
301              2.77626024e-02 4.93068396e-03 3.99448763e-07 -3.06474775e-03 4.49716895e-03 -1.24032913e-06 3.08273502e-02 4.33515008e-04 1.63977789e-06
302              2.77623566e-02 4.93062381e-03 3.99434493e-07 -3.06496558e-03 4.49709641e-03 -1.24039463e-06 3.08273222e-02 4.33527400e-04 1.63982912e-06
303              2.77623290e-02 4.93051763e-03 4.00114214e-07 -3.06496550e-03 4.49697138e-03 -1.24041329e-06 3.08272945e-02 4.33546251e-04 1.64052750e-06
304              2.77616974e-02 4.93058669e-03 3.99801955e-07 -3.06557017e-03 4.49701045e-03 -1.24055997e-06 3.08272676e-02 4.33576241e-04 1.64036193e-06
305              2.77616416e-02 4.93035791e-03 3.99455454e-07 -3.06560176e-03 4.49679770e-03 -1.24059088e-06 3.08272434e-02 4.33560211e-04 1.64004634e-06
306              2.77616077e-02 4.93035862e-03 4.00032375e-07 -3.06561148e-03 4.49677226e-03 -1.24060993e-06 3.08272192e-02 4.33586364e-04 1.64064230e-06
307              2.77608862e-02 4.93053940e-03 3.99694918e-07 -3.06630967e-03 4.49692387e-03 -1.24077600e-06 3.08271959e-02 4.33615531e-04 1.64047092e-06
308              2.77608936e-02 4.93009424e-03 4.00444578e-07 -3.06628145e-03 4.49648784e-03 -1.24079705e-06 3.08271750e-02 4.33606404e-04 1.64124163e-06
309              2.77606911e-02 4.93028121e-03 3.99609255e-07 -3.06646337e-03 4.49661748e-03 -1.24085166e-06 3.08271544e-02 4.33663724e-04 1.64046092e-06
310              2.77601678e-02 4.93044748e-03 3.99309871e-07 -3.06696847e-03 4.49678779e-03 -1.24097886e-06 3.08271362e-02 4.33659693e-04 1.64028873e-06
311              2.77601761e-02 4.93010633e-03 4.00101443e-07 -3.06694236e-03 4.49646799e-03 -1.24099873e-06 3.08271185e-02 4.33638337e-04 1.64110018e-06
312              2.77597732e-02 4.93035631e-03 3.99488589e-07 -3.06732717e-03 4.49667762e-03 -1.24109830e-06 3.08271003e-02 4.33678691e-04 1.64058688e-06
313              2.77597706e-02 4.93016491e-03 4.00128284e-07 -3.06731268e-03 4.49647659e-03 -1.24111783e-06 3.08270833e-02 4.33688319e-04 1.64124611e-06
314              2.77595969e-02 4.93017407e-03 3.99459851e-07 -3.06746940e-03 4.49645546e-03 -1.24116671e-06 3.08270663e-02 4.33718613e-04 1.64062656e-06
315              2.77590022e-02 4.93013636e-03 3.99297475e-07 -3.06804949e-03 4.49643979e-03 -1.24131105e-06 3.08270517e-02 4.33696568e-04 1.64060852e-06
316              2.77590280e-02 4.92967771e-03 4.00108222e-07 -3.06800982e-03 4.49600472e-03 -1.24132828e-06 3.08270379e-02 4.33672992e-04 1.64143650e-06
317              2.77584992e-02 4.92985700e-03 3.99580632e-07 -3.06852380e-03 4.49612589e-03 -1.24145512e-06 3.08270230e-02 4.33731110e-04 1.64103575e-06
318              2.77585043e-02 4.92969040e-03 4.00280746e-07 -3.06850415e-03 4.49593776e-03 -1.24147532e-06 3.08270085e-02 4.33752643e-04 1.64175607e-06
319              2.77583589e-02 4.93029558e-03 3.99421181e-07 -3.06863569e-03 4.49649412e-03 -1.24151891e-06 3.08269946e-02 4.33801457e-04 1.64094009e-06
320              2.77579421e-02 4.93041956e-03 3.99079281e-07 -3.06904273e-03 4.49664011e-03 -1.24162365e-06 3.08269848e-02 4.33779448e-04 1.64070293e-06
321              2.77579595e-02 4.93003585e-03 3.99731958e-07 -3.06901665e-03 4.49629147e-03 -1.24164078e-06 3.08269762e-02 4.33744381e-04 1.64137274e-06
322              2.77573181e-02 4.92952645e-03 3.99441481e-07 -3.06964745e-03 4.49575936e-03 -1.24179446e-06 3.08269655e-02 4.33767092e-04 1.64123594e-06
323              2.77573509e-02 4.92915742e-03 4.00276930e-07 -3.06960316e-03 4.49537570e-03 -1.24181153e-06 3.08269540e-02 4.33781717e-04 1.64208846e-06
324              2.77571666e-02 4.92983725e-03 3.99456988e-07 -3.06977559e-03 4.49597907e-03 -1.24186355e-06 3.08269422e-02 4.33858186e-04 1.64132054e-06
325              2.77567471e-02 4.93040262e-03 3.99066930e-07 -3.07018657e-03 4.49655086e-03 -1.24196906e-06 3.08269336e-02 4.33851754e-04 1.64103599e-06
326              2.77567523e-02 4.93003349e-03 3.99722424e-07 -3.07017405e-03 4.49621732e-03 -1.24198938e-06 3.08269263e-02 4.33816173e-04 1.64171181e-06
327              2.77563142e-02 4.92934024e-03 3.99286599e-07 -3.07060448e-03 4.49550868e-03 -1.24209893e-06 3.08269186e-02 4.33831557e-04 1.64138552e-06
328              2.77563330e-02 4.92910699e-03 3.99942414e-07 -3.07057853e-03 4.49526245e-03 -1.24211612e-06 3.08269116e-02 4.33844546e-04 1.64205853e-06
329              2.77561067e-02 4.92966863e-03 3.99304148e-07 -3.07079723e-03 4.49577373e-03 -1.24217805e-06 3.08269039e-02 4.33894894e-04 1.64148220e-06
330              2.77560962e-02 4.92974849e-03 3.99696538e-07 -3.07080070e-03 4.49585759e-03 -1.24219593e-06 3.08268969e-02 4.33890900e-04 1.64189246e-06
331              2.77552915e-02 4.93002055e-03 3.99328808e-07 -3.07159862e-03 4.49613621e-03 -1.24238379e-06 3.08268901e-02 4.33884340e-04 1.64171260e-06
332              2.77553345e-02 4.92937504e-03 4.00130877e-07 -3.07155032e-03 4.49551398e-03 -1.24240216e-06 3.08268848e-02 4.33861062e-04 1.64253304e-06
333              2.77553332e-02 4.92946910e-03 4.00171942e-07 -3.07154450e-03 4.49552020e-03 -1.24241633e-06 3.08268777e-02 4.33948903e-04 1.64258827e-06
334              2.77548734e-02 4.92942642e-03 3.99313294e-07 -3.07199864e-03 4.49543070e-03 -1.24252704e-06 3.08268720e-02 4.33995720e-04 1.64184034e-06
335              2.77548850e-02 4.92932529e-03 3.99702139e-07 -3.07198414e-03 4.49537102e-03 -1.24254595e-06 3.08268692e-02 4.33954266e-04 1.64224809e-06
336              2.77544215e-02 4.93006213e-03 3.99024571e-07 -3.07244412e-03 4.49611906e-03 -1.24266094e-06 3.08268657e-02 4.33943067e-04 1.64168552e-06
337              2.77544489e-02 4.92963022e-03 3.99656607e-07 -3.07241349e-03 4.49570780e-03 -1.24267691e-06 3.08268623e-02 4.33922420e-04 1.64233352e-06
338              2.77544430e-02 4.92963230e-03 3.99766463e-07 -3.07241393e-03 4.49566116e-03 -1.24269074e-06 3.08268570e-02 4.33971143e-04 1.64245720e-06
339              2.77539046e-02 4.92922503e-03 3.99262939e-07 -3.07294788e-03 4.49522956e-03 -1.24281985e-06 3.08268525e-02 4.33995471e-04 1.64208279e-06
340              2.77539248e-02 4.92895266e-03 3.99768142e-07 -3.07292522e-03 4.49498159e-03 -1.24283697e-06 3.08268501e-02 4.33971067e-04 1.64260511e-06
341              2.77535562e-02 4.92939264e-03 3.99117202e-07 -3.07329114e-03 4.49539371e-03 -1.24292942e-06 3.08268474e-02 4.33998930e-04 1.64204662e-06
342              2.77535701e-02 4.92925070e-03 3.99617136e-07 -3.07327507e-03 4.49525605e-03 -1.24294513e-06 3.08268452e-02 4.33994650e-04 1.64256226e-06
343              2.77532438e-02 4.92987244e-03 3.99012236e-07 -3.07359890e-03 4.49585490e-03 -1.24302807e-06 3.08268427e-02 4.34017539e-04 1.64204030e-06
344              2.77532524e-02 4.92964151e-03 3.99479810e-07 -3.07358846e-03 4.49563071e-03 -1.24304425e-06 3.08268409e-02 4.34010806e-04 1.64252406e-06
345              2.77529701e-02 4.92889108e-03 3.99030788e-07 -3.07386913e-03 4.49486293e-03 -1.24311798e-06 3.08268392e-02 4.34028151e-04 1.64214877e-06
346              2.77529824e-02 4.92883700e-03 3.99472541e-07 -3.07385603e-03 4.49481109e-03 -1.24313203e-06 3.08268384e-02 4.34025915e-04 1.64260458e-06
347              2.77525364e-02 4.92965492e-03 3.99036515e-07 -3.07430017e-03 4.49561055e-03 -1.24324003e-06 3.08268366e-02 4.34044368e-04 1.64227655e-06
348              2.77525614e-02 4.92938192e-03 3.99562378e-07 -3.07427348e-03 4.49534874e-03 -1.24325401e-06 3.08268349e-02 4.34033178e-04 1.64281639e-06
349              2.77525523e-02 4.92945218e-03 3.99609307e-07 -3.07427957e-03 4.49537965e-03 -1.24326719e-06 3.08268319e-02 4.34072523e-04 1.64287649e-06
350              2.77519881e-02 4.92932638e-03 3.99128127e-07 -3.07484219e-03 4.49524125e-03 -1.24340121e-06 3.08268302e-02 4.34085125e-04 1.64252934e-06
351              2.77520135e-02 4.92894597e-03 3.99616361e-07 -3.07481724e-03 4.49488691e-03 -1.24341714e-06 3.08268307e-02 4.34059057e-04 1.64303350e-06
352              2.77520127e-02 4.92903581e-03 3.99616564e-07 -3.07481712e-03 4.49493105e-03 -1.24342909e-06 3.08268298e-02 4.34104760e-04 1.64304565e-06
353              2.77516543e-02 4.92943203e-03 3.98959982e-07 -3.07517503e-03 4.49530608e-03 -1.24351613e-06 3.08268293e-02 4.34125959e-04 1.64247612e-06
354              2.77516693e-02 4.92926338e-03 3.99300705e-07 -3.07516069e-03 4.49517005e-03 -1.24353005e-06 3.08268300e-02 4.34093329e-04 1.64283076e-06
355              2.77513091e-02 4.92930144e-03 3.98858868e-07 -3.07552105e-03 4.49520772e-03 -1.24361980e-06 3.08268302e-02 4.34093715e-04 1.64247867e-06
356              2.77513312e-02 4.92904086e-03 3.99366328e-07 -3.07549893e-03 4.49495166e-03 -1.24363257e-06 3.08268301e-02 4.34089191e-04 1.64299890e-06
357              2.77513245e-02 4.92913920e-03 3.99442571e-07 -3.07550383e-03 4.49500581e-03 -1.24364445e-06 3.08268283e-02 4.34133396e-04 1.64308702e-06
358              2.77510275e-02 4.92916866e-03 3.98939122e-07 -3.07580036e-03 4.49501833e-03 -1.24371768e-06 3.08268279e-02 4.34150332e-04 1.64265680e-06
359              2.77510349e-02 4.92904563e-03 3.99227508e-07 -3.07579483e-03 4.49492277e-03 -1.24373140e-06 3.08268298e-02 4.34122862e-04 1.64295891e-06
360              2.77506127e-02 4.92925642e-03 3.98865725e-07 -3.07621809e-03 4.49513415e-03 -1.24383326e-06 3.08268308e-02 4.34122271e-04 1.64269898e-06
361              2.77506460e-02 4.92896036e-03 3.99379941e-07 -3.07618560e-03 4.49484275e-03 -1.24384417e-06 3.08268316e-02 4.34117609e-04 1.64322412e-06
362              2.77506456e-02 4.92909941e-03 3.99431367e-07 -3.07618504e-03 4.49492877e-03 -1.24385421e-06 3.08268307e-02 4.34170638e-04 1.64328557e-06
363              2.77503473e-02 4.92932578e-03 3.98880880e-07 -3.07648321e-03 4.49513210e-03 -1.24392689e-06 3.08268305e-02 4.34193674e-04 1.64280777e-06
364              2.77503557e-02 4.92918758e-03 3.99143947e-07 -3.07647645e-03 4.49502307e-03 -1.24393991e-06 3.08268321e-02 4.34164505e-04 1.64308385e-06
365              2.77500958e-02 4.92905406e-03 3.98761196e-07 -3.07673750e-03 4.49489506e-03 -1.24400631e-06 3.08268333e-02 4.34159001e-04 1.64276751e-06
366              2.77501136e-02 4.92886749e-03 3.99147253e-07 -3.07672089e-03 4.49471637e-03 -1.24401645e-06 3.08268345e-02 4.34151119e-04 1.64316371e-06
367              2.77501055e-02 4.92897344e-03 3.99216101e-07 -3.07672893e-03 4.49479176e-03 -1.24402680e-06 3.08268344e-02 4.34181687e-04 1.64324290e-06
368              2.77496831e-02 4.92932129e-03 3.98886943e-07 -3.07715154e-03 4.49512768e-03 -1.24412701e-06 3.08268346e-02 4.34193605e-04 1.64301396e-06
369              2.77497038e-02 4.92902341e-03 3.99265896e-07 -3.07713217e-03 4.49484761e-03 -1.24413877e-06 3.08268360e-02 4.34175805e-04 1.64340466e-06
370              2.77497034e-02 4.92906296e-03 3.99273396e-07 -3.07713304e-03 4.49485199e-03 -1.24414798e-06 3.08268364e-02 4.34210964e-04 1.64342137e-06
371              2.77494872e-02 4.92908220e-03 3.98782485e-07 -3.07735031e-03 4.49485447e-03 -1.24420212e-06 3.08268375e-02 4.34227725e-04 1.64298460e-06
372              2.77494932e-02 4.92901592e-03 3.98992289e-07 -3.07734643e-03 4.49481200e-03 -1.24421275e-06 3.08268397e-02 4.34203915e-04 1.64320504e-06
373              2.77494792e-02 4.92904259e-03 3.99022011e-07 -3.07736159e-03 4.49484168e-03 -1.24422399e-06 3.08268408e-02 4.34200916e-04 1.64324600e-06
374              2.77490783e-02 4.92897720e-03 3.98805469e-07 -3.07776342e-03 4.49478061e-03 -1.24431815e-06 3.08268418e-02 4.34196586e-04 1.64312362e-06
375              2.77491015e-02 4.92866899e-03 3.99206676e-07 -3.07774157e-03 4.49447715e-03 -1.24432860e-06 3.08268431e-02 4.34191840e-04 1.64353528e-06
376              2.77490935e-02 4.92879609e-03 3.99247031e-07 -3.07774966e-03 4.49455220e-03 -1.24433889e-06 3.08268431e-02 4.34243893e-04 1.64358592e-06
377              2.77488614e-02 4.92931789e-03 3.98758899e-07 -3.07798239e-03 4.49504787e-03 -1.24439587e-06 3.08268438e-02 4.34270017e-04 1.64315477e-06
378              2.77488664e-02 4.92924470e-03 3.98965725e-07 -3.07797953e-03 4.49500098e-03 -1.24440652e-06 3.08268459e-02 4.34243713e-04 1.64337224e-06
379              2.77486923e-02 4.92921189e-03 3.98615288e-07 -3.07815569e-03 4.49497807e-03 -1.24445222e-06 3.08268480e-02 4.34233821e-04 1.64306750e-06
380              2.77487037e-02 4.92902903e-03 3.98893043e-07 -3.07814678e-03 4.49480540e-03 -1.24446050e-06 3.08268505e-02 4.34223628e-04 1.64335354e-06
381              2.77487021e-02 4.92899714e-03 3.98954618e-07 -3.07814974e-03 4.49475590e-03 -1.24446791e-06 3.08268519e-02 4.34241242e-04 1.64342253e-06
382              2.77484488e-02 4.92864809e-03 3.98745049e-07 -3.07840401e-03 4.49439786e-03 -1.24452904e-06 3.08268529e-02 4.34250235e-04 1.64327409e-06
383              2.77484605e-02 4.92854026e-03 3.99007703e-07 -3.07839365e-03 4.49429821e-03 -1.24453780e-06 3.08268541e-02 4.34242050e-04 1.64354550e-06
384              2.77483113e-02 4.92907420e-03 3.98675547e-07 -3.07854389e-03 4.49481523e-03 -1.24457656e-06 3.08268552e-02 4.34258977e-04 1.64325211e-06
385              2.77483160e-02 4.92902281e-03 3.98898151e-07 -3.07854056e-03 4.49476601e-03 -1.24458450e-06 3.08268565e-02 4.34256796e-04 1.64348265e-06
386              2.77481707e-02 4.92925387e-03 3.98615044e-07 -3.07868725e-03 4.49498973e-03 -1.24462205e-06 3.08268580e-02 4.34264146e-04 1.64323710e-06
387              2.77481752e-02 4.92913067e-03 3.98823378e-07 -3.07868493e-03 4.49487033e-03 -1.24463003e-06 3.08268601e-02 4.34260345e-04 1.64345341e-06
388              2.77480333e-02 4.92863799e-03 3.98630637e-07 -3.07882859e-03 4.49436998e-03 -1.24466731e-06 3.08268619e-02 4.34268013e-04 1.64329794e-06
389              2.77480419e-02 4.92861480e-03 3.98854202e-07 -3.07882189e-03 4.49434659e-03 -1.24467404e-06 3.08268638e-02 4.34268217e-04 1.64352824e-06
390              2.77478754e-02 4.92900880e-03 3.98634460e-07 -3.07898980e-03 4.49472901e-03 -1.24471566e-06 3.08268652e-02 4.34279793e-04 1.64335012e-06
391              2.77478836e-02 4.92893237e-03 3.98855911e-07 -3.07898309e-03 4.49465826e-03 -1.24472252e-06 3.08268667e-02 4.34274113e-04 1.64357843e-06
392              2.77478735e-02 4.92897207e-03 3.98883230e-07 -3.07899386e-03 4.49468619e-03 -1.24473021e-06 3.08268674e-02 4.34285884e-04 1.64361344e-06
393              2.77476593e-02 4.92900819e-03 3.98646581e-07 -3.07920926e-03 4.49471977e-03 -1.24478173e-06 3.08268686e-02 4.34288416e-04 1.64342831e-06
394              2.77476690e-02 4.92886436e-03 3.98840030e-07 -3.07920162e-03 4.49458435e-03 -1.24478904e-06 3.08268706e-02 4.34280008e-04 1.64362907e-06
395              2.77476650e-02 4.92889767e-03 3.98854123e-07 -3.07920693e-03 4.49459889e-03 -1.24479563e-06 3.08268720e-02 4.34298780e-04 1.64364975e-06
396              2.77474696e-02 4.92886371e-03 3.98626973e-07 -3.07940381e-03 4.49455637e-03 -1.24484272e-06 3.08268734e-02 4.34307342e-04 1.64346969e-06
397              2.77474806e-02 4.92876971e-03 3.98822075e-07 -3.07939478e-03 4.49447479e-03 -1.24484911e-06 3.08268754e-02 4.34294914e-04 1.64367118e-06
398              2.77474776e-02 4.92882208e-03 3.98837349e-07 -3.07939910e-03 4.49451592e-03 -1.24485508e-06 3.08268766e-02 4.34306152e-04 1.64369243e-06
399              2.77473486e-02 4.92909975e-03 3.98571542e-07 -3.07952945e-03 4.49478969e-03 -1.24488738e-06 3.08268780e-02 4.34310063e-04 1.64345893e-06
400              2.77473512e-02 4.92900473e-03 3.98704228e-07 -3.07952872e-03 4.49470508e-03 -1.24489390e-06 3.08268799e-02 4.34299648e-04 1.64359812e-06
401              2.77472111e-02 4.92880033e-03 3.98549505e-07 -3.07967039e-03 4.49449782e-03 -1.24492903e-06 3.08268815e-02 4.34302509e-04 1.64347854e-06
402              2.77472215e-02 4.92873854e-03 3.98750551e-07 -3.07966152e-03 4.49443453e-03 -1.24493405e-06 3.08268831e-02 4.34304006e-04 1.64368460e-06
403              2.77472197e-02 4.92882835e-03 3.98779030e-07 -3.07966418e-03 4.49450552e-03 -1.24493890e-06 3.08268839e-02 4.34322828e-04 1.64371793e-06
404              2.77470831e-02 4.92895059e-03 3.98578643e-07 -3.07980196e-03 4.49462284e-03 -1.24497246e-06 3.08268850e-02 4.34327757e-04 1.64355111e-06
405              2.77470874e-02 4.92886325e-03 3.98709911e-07 -3.07979946e-03 4.49455004e-03 -1.24497830e-06 3.08268869e-02 4.34313208e-04 1.64368821e-06
406              2.77470671e-02 4.92885795e-03 3.98740823e-07 -3.07982118e-03 4.49454182e-03 -1.24498743e-06 3.08268883e-02 4.34316133e-04 1.64372825e-06
407              2.77469068e-02 4.92887795e-03 3.98571050e-07 -3.07998283e-03 4.49455890e-03 -1.24502601e-06 3.08268896e-02 4.34319045e-04 1.64359706e-06
408              2.77469166e-02 4.92878035e-03 3.98734791e-07 -3.07997468e-03 4.49446239e-03 -1.24503095e-06 3.08268912e-02 4.34317958e-04 1.64376574e-06
409              2.77469156e-02 4.92885177e-03 3.98743299e-07 -3.07997669e-03 4.49451500e-03 -1.24503531e-06 3.08268923e-02 4.34336774e-04 1.64377861e-06
410              2.77468405e-02 4.92894413e-03 3.98522675e-07 -3.08005301e-03 4.49460014e-03 -1.24505491e-06 3.08268935e-02 4.34343996e-04 1.64357759e-06
411              2.77468404e-02 4.92891530e-03 3.98605097e-07 -3.08005496e-03 4.49458452e-03 -1.24505998e-06 3.08268953e-02 4.34330778e-04 1.64366507e-06
412              2.77467184e-02 4.92879740e-03 3.98502658e-07 -3.08017853e-03 4.49447352e-03 -1.24509008e-06 3.08268969e-02 4.34323876e-04 1.64359274e-06
413              2.77467286e-02 4.92868980e-03 3.98669832e-07 -3.08016990e-03 4.49436922e-03 -1.24509382e-06 3.08268985e-02 4.34320577e-04 1.64376365e-06
414              2.77467261e-02 4.92873941e-03 3.98702707e-07 -3.08017331e-03 4.49440206e-03 -1.24509796e-06 3.08268994e-02 4.34337345e-04 1.64380066e-06
415              2.77466231e-02 4.92897107e-03 3.98537447e-07 -3.08027720e-03 4.49462472e-03 -1.24512324e-06 3.08269003e-02 4.34346341e-04 1.64366069e-06
416              2.77466250e-02 4.92892553e-03 3.98633009e-07 -3.08027658e-03 4.49458620e-03 -1.24512794e-06 3.08269015e-02 4.34339330e-04 1.64376095e-06
417              2.77466167e-02 4.92892203e-03 3.98640660e-07 -3.08028585e-03 4.49457978e-03 -1.24513314e-06 3.08269025e-02 4.34342253e-04 1.64377380e-06
418              2.77464943e-02 4.92875222e-03 3.98521263e-07 -3.08040947e-03 4.49440985e-03 -1.24516262e-06 3.08269038e-02 4.34342371e-04 1.64368389e-06
419              2.77465020e-02 4.92867766e-03 3.98645894e-07 -3.08040356e-03 4.49433949e-03 -1.24516647e-06 3.08269055e-02 4.34338174e-04 1.64381237e-06
420              2.77465008e-02 4.92873100e-03 3.98659470e-07 -3.08040590e-03 4.49438043e-03 -1.24517006e-06 3.08269067e-02 4.34350567e-04 1.64382953e-06
421              2.77464287e-02 4.92896753e-03 3.98495244e-07 -3.08047910e-03 4.49461149e-03 -1.24518831e-06 3.08269078e-02 4.34356040e-04 1.64368355e-06
422              2.77464300e-02 4.92892575e-03 3.98569913e-07 -3.08047904e-03 4.49457792e-03 -1.24519212e-06 3.08269091e-02 4.34347833e-04 1.64376204e-06
423              2.77464222e-02 4.92889984e-03 3.98583963e-07 -3.08048789e-03 4.49455245e-03 -1.24519670e-06 3.08269100e-02 4.34347382e-04 1.64378067e-06
424              2.77463088e-02 4.92871896e-03 3.98504634e-07 -3.08060240e-03 4.49437187e-03 -1.24522384e-06 3.08269112e-02 4.34347084e-04 1.64372848e-06
425              2.77463160e-02 4.92865119e-03 3.98624484e-07 -3.08059659e-03 4.49430490e-03 -1.24522721e-06 3.08269126e-02 4.34346293e-04 1.64385169e-06
426              2.77463139e-02 4.92872330e-03 3.98639975e-07 -3.08059962e-03 4.49436246e-03 -1.24523064e-06 3.08269135e-02 4.34360837e-04 1.64387062e-06
427              2.77462634e-02 4.92896170e-03 3.98482087e-07 -3.08065106e-03 4.49459477e-03 -1.24524382e-06 3.08269145e-02 4.34366929e-04 1.64372591e-06
428              2.77462628e-02 4.92893864e-03 3.98532788e-07 -3.08065295e-03 4.49458082e-03 -1.24524725e-06 3.08269157e-02 4.34357827e-04 1.64378004e-06
429              2.77461963e-02 4.92883082e-03 3.98448978e-07 -3.08072067e-03 4.49447807e-03 -1.24526405e-06 3.08269169e-02 4.34352751e-04 1.64371303e-06
430              2.77462011e-02 4.92876771e-03 3.98544889e-07 -3.08071716e-03 4.49441703e-03 -1.24526663e-06 3.08269182e-02 4.34350683e-04 1.64381152e-06
431              2.77461988e-02 4.92877457e-03 3.98567717e-07 -3.08072029e-03 4.49441478e-03 -1.24526947e-06 3.08269191e-02 4.34359787e-04 1.64383719e-06
432              2.77461176e-02 4.92874084e-03 3.98491352e-07 -3.08080238e-03 4.49437623e-03 -1.24528912e-06 3.08269200e-02 4.34364618e-04 1.64378047e-06
433              2.77461211e-02 4.92870842e-03 3.98574544e-07 -3.08079994e-03 4.49434747e-03 -1.24529211e-06 3.08269210e-02 4.34360945e-04 1.64386665e-06
434              2.77460946e-02 4.92886593e-03 3.98455837e-07 -3.08082736e-03 4.49450091e-03 -1.24529998e-06 3.08269219e-02 4.34365013e-04 1.64375582e-06
435              2.77460938e-02 4.92885923e-03 3.98512087e-07 -3.08082914e-03 4.49449535e-03 -1.24530269e-06 3.08269230e-02 4.34363876e-04 1.64381477e-06
436              2.77460543e-02 4.92886301e-03 3.98436596e-07 -3.08086972e-03 4.49449927e-03 -1.24531316e-06 3.08269240e-02 4.34363742e-04 1.64374976e-06
437              2.77460553e-02 4.92882750e-03 3.98499163e-07 -3.08086981e-03 4.49446523e-03 -1.24531564e-06 3.08269251e-02 4.34362275e-04 1.64381480e-06
438              2.77459984e-02 4.92870279e-03 3.98459250e-07 -3.08092773e-03 4.49433788e-03 -1.24532992e-06 3.08269261e-02 4.34364911e-04 1.64378917e-06
439              2.77460026e-02 4.92868428e-03 3.98540557e-07 -3.08092444e-03 4.49431869e-03 -1.24533199e-06 3.08269270e-02 4.34365592e-04 1.64387255e-06
440              2.77459779e-02 4.92881864e-03 3.98455867e-07 -3.08094981e-03 4.49444717e-03 -1.24533909e-06 3.08269277e-02 4.34371469e-04 1.64379495e-06
441              2.77459762e-02 4.92882199e-03 3.98504365e-07 -3.08095227e-03 4.49445175e-03 -1.24534160e-06 3.08269285e-02 4.34370233e-04 1.64384597e-06
442              2.77459385e-02 4.92886214e-03 3.98435164e-07 -3.08099080e-03 4.49449290e-03 -1.24535136e-06 3.08269293e-02 4.34369243e-04 1.64378653e-06
443              2.77459388e-02 4.92882306e-03 3.98487498e-07 -3.08099159e-03 4.49445578e-03 -1.24535370e-06 3.08269304e-02 4.34367278e-04 1.64384120e-06
444              2.77458906e-02 4.92873488e-03 3.98444812e-07 -3.08104064e-03 4.49436505e-03 -1.24536581e-06 3.08269313e-02 4.34369829e-04 1.64381062e-06
445              2.77458945e-02 4.92871928e-03 3.98513069e-07 -3.08103766e-03 4.49434790e-03 -1.24536754e-06 3.08269322e-02 4.34371382e-04 1.64388061e-06
446              2.77458925e-02 4.92876451e-03 3.98522743e-07 -3.08104025e-03 4.49438627e-03 -1.24536960e-06 3.08269327e-02 4.34378237e-04 1.64389234e-06
447              2.77458579e-02 4.92884608e-03 3.98443016e-07 -3.08107549e-03 4.49446662e-03 -1.24537842e-06 3.08269334e-02 4.34379465e-04 1.64382144e-06
448              2.77458571e-02 4.92882158e-03 3.98477582e-07 -3.08107718e-03 4.49444804e-03 -1.24538067e-06 3.08269342e-02 4.34373537e-04 1.64385825e-06
449              2.77458185e-02 4.92878574e-03 3.98425841e-07 -3.08111654e-03 4.49441396e-03 -1.24539042e-06 3.08269351e-02 4.34371779e-04 1.64381626e-06
450              2.77458213e-02 4.92875241e-03 3.98481772e-07 -3.08111462e-03 4.49438055e-03 -1.24539194e-06 3.08269359e-02 4.34371865e-04 1.64387372e-06
451              2.77458206e-02 4.92876702e-03 3.98492147e-07 -3.08111594e-03 4.49438918e-03 -1.24539346e-06 3.08269365e-02 4.34377834e-04 1.64388561e-06
452              2.77457822e-02 4.92877806e-03 3.98438765e-07 -3.08115494e-03 4.49439755e-03 -1.24540298e-06 3.08269371e-02 4.34380511e-04 1.64384174e-06
453              2.77457832e-02 4.92876332e-03 3.98478731e-07 -3.08115466e-03 4.49438577e-03 -1.24540476e-06 3.08269379e-02 4.34377548e-04 1.64388349e-06
454              2.77457616e-02 4.92880481e-03 3.98422326e-07 -3.08117702e-03 4.49442666e-03 -1.24541071e-06 3.08269386e-02 4.34378151e-04 1.64383304e-06
455              2.77457622e-02 4.92879023e-03 3.98461209e-07 -3.08117714e-03 4.49441299e-03 -1.24541219e-06 3.08269393e-02 4.34377234e-04 1.64387339e-06
456              2.77457590e-02 4.92879268e-03 3.98470443e-07 -3.08118086e-03 4.49441363e-03 -1.24541403e-06 3.08269399e-02 4.34379044e-04 1.64388448e-06
457              2.77457189e-02 4.92876172e-03 3.98432202e-07 -3.08122153e-03 4.49438220e-03 -1.24542379e-06 3.08269405e-02 4.34379516e-04 1.64385599e-06
458              2.77457209e-02 4.92873775e-03 3.98473267e-07 -3.08122024e-03 4.49435920e-03 -1.24542525e-06 3.08269412e-02 4.34378547e-04 1.64389852e-06
459              2.77457197e-02 4.92875538e-03 3.98478595e-07 -3.08122204e-03 4.49437260e-03 -1.24542671e-06 3.08269417e-02 4.34382776e-04 1.64390530e-06
460              2.77456937e-02 4.92880262e-03 3.98425640e-07 -3.08124863e-03 4.49441809e-03 -1.24543327e-06 3.08269423e-02 4.34384534e-04 1.64385891e-06
461              2.77456943e-02 4.92878974e-03 3.98453210e-07 -3.08124865e-03 4.49440819e-03 -1.24543460e-06 3.08269429e-02 4.34381545e-04 1.64388781e-06
462              2.77456923e-02 4.92878706e-03 3.98457144e-07 -3.08125117e-03 4.49440550e-03 -1.24543605e-06 3.08269435e-02 4.34381558e-04 1.64389319e-06
463              2.77456607e-02 4.92877304e-03 3.98420369e-07 -3.08128330e-03 4.49439154e-03 -1.24544378e-06 3.08269440e-02 4.34381505e-04 1.64386415e-06
464              2.77456623e-02 4.92875052e-03 3.98454609e-07 -3.08128235e-03 4.49436947e-03 -1.24544498e-06 3.08269447e-02 4.34381058e-04 1.64389959e-06
465              2.77456613e-02 4.92876164e-03 3.98460575e-07 -3.08128387e-03 4.49437678e-03 -1.24544620e-06 3.08269452e-02 4.34384869e-04 1.64390678e-06
466              2.77456398e-02 4.92877669e-03 3.98420164e-07 -3.08130589e-03 4.49439008e-03 -1.24545166e-06 3.08269457e-02 4.34386603e-04 1.64387182e-06
