/*--------------------------------*- C++ -*----------------------------------*\
| =========                 |                                                 |
| \\      /  F ield         | OpenFOAM: The Open Source CFD Toolbox           |
|  \\    /   O peration     | Version:  2512                                  |
|   \\  /    A nd           | Website:  www.openfoam.com                      |
|    \\/     M anipulation  |                                                 |
\*---------------------------------------------------------------------------*/
FoamFile
{
    version     2.0;
    format      ascii;
    arch        "LSB;label=32;scalar=64";
    class       vectorField;
    location    "constant/polyMesh";
    object      points;
}
// * * * * * * * * * * * * * * * * * * * * * * * * * * * * * * * * * * * * * //


880
(
(0.15 0.2 0)
(0.1506156013 0.2078217161 0)
(0.1524472054 0.2154508337 0)
(0.1554497125 0.2226994997 0)
(0.1595491914 0.2293892292 0)
(0.1646447 0.2353553 0)
(0.1706107708 0.2404508086 0)
(0.1773005003 0.2445502875 0)
(0.1845491663 0.2475527946 0)
(0.1921782839 0.2493843987 0)
(0.2 0.25 0)
(0.145 0.2 0)
(0.1465540412 0.2080395445 0)
(0.1492024849 0.2159057503 0)
(0.1529047413 0.2234295497 0)
(0.1575942723 0.2304503063 0)
(0.16318023 0.23681977 0)
(0.1695496937 0.2424057277 0)
(0.1765704503 0.2470952587 0)
(0.1840942497 0.2507975151 0)
(0.1919604555 0.2534459588 0)
(0.2 0.255 0)
(0.14 0.2 0)
(0.142492481 0.2082573729 0)
(0.1459577644 0.2163606669 0)
(0.15035977 0.2241595998 0)
(0.1556393531 0.2315113834 0)
(0.16171576 0.23828424 0)
(0.1684886166 0.2443606469 0)
(0.1758404002 0.24964023 0)
(0.1836393331 0.2540422356 0)
(0.1917426271 0.257507519 0)
(0.2 0.26 0)
(0.135 0.2 0)
(0.1384309209 0.2084752013 0)
(0.1427130438 0.2168155836 0)
(0.1478147988 0.2248896498 0)
(0.153684434 0.2325724605 0)
(0.16025129 0.23974871 0)
(0.1674275395 0.246315566 0)
(0.1751103502 0.2521852012 0)
(0.1831844164 0.2572869562 0)
(0.1915247987 0.2615690791 0)
(0.2 0.265 0)
(0.13 0.2 0)
(0.1343693608 0.2086930297 0)
(0.1394683233 0.2172705002 0)
(0.1452698275 0.2256196998 0)
(0.1517295149 0.2336335375 0)
(0.15878682 0.24121318 0)
(0.1663664625 0.2482704851 0)
(0.1743803002 0.2547301725 0)
(0.1827294998 0.2605316767 0)
(0.1913069703 0.2656306392 0)
(0.2 0.27 0)
(0.125 0.2 0)
(0.1303078007 0.2089108581 0)
(0.1362236027 0.2177254168 0)
(0.1427248563 0.2263497499 0)
(0.1497745957 0.2346946146 0)
(0.15732235 0.24267765 0)
(0.1653053854 0.2502254043 0)
(0.1736502501 0.2572751437 0)
(0.1822745832 0.2637763973 0)
(0.1910891419 0.2696921993 0)
(0.2 0.275 0)
(0.12 0.2 0)
(0.1262462405 0.2091286865 0)
(0.1329788822 0.2181803335 0)
(0.140179885 0.2270797999 0)
(0.1478196766 0.2357556917 0)
(0.15585788 0.24414212 0)
(0.1642443083 0.2521803234 0)
(0.1729202001 0.259820115 0)
(0.1818196665 0.2670211178 0)
(0.1908713135 0.2737537595 0)
(0.2 0.28 0)
(0.115 0.2 0)
(0.1221846804 0.2093465148 0)
(0.1297341616 0.2186352501 0)
(0.1376349138 0.2278098499 0)
(0.1458647574 0.2368167688 0)
(0.15439341 0.24560659 0)
(0.1631832312 0.2541352426 0)
(0.1721901501 0.2623650862 0)
(0.1813647499 0.2702658384 0)
(0.1906534852 0.2778153196 0)
(0.2 0.285 0)
(0.11 0.2 0)
(0.1181231203 0.2095643432 0)
(0.1264894411 0.2190901667 0)
(0.1350899425 0.2285398999 0)
(0.1439098383 0.2378778458 0)
(0.15292894 0.24707106 0)
(0.1621221542 0.2560901617 0)
(0.1714601001 0.2649100575 0)
(0.1809098333 0.2735105589 0)
(0.1904356568 0.2818768797 0)
(0.2 0.29 0)
(0.105 0.2 0)
(0.1140615601 0.2097821716 0)
(0.1232447205 0.2195450834 0)
(0.1325449713 0.22926995 0)
(0.1419549191 0.2389389229 0)
(0.15146447 0.24853553 0)
(0.1610610771 0.2580450809 0)
(0.17073005 0.2674550287 0)
(0.1804549166 0.2767552795 0)
(0.1902178284 0.2859384399 0)
(0.2 0.295 0)
(0.1 0.2 0)
(0.11 0.21 0)
(0.12 0.22 0)
(0.13 0.23 0)
(0.14 0.24 0)
(0.15 0.25 0)
(0.16 0.26 0)
(0.17 0.27 0)
(0.18 0.28 0)
(0.19 0.29 0)
(0.2 0.3 0)
(0.15 0.2 0.01)
(0.1506156013 0.2078217161 0.01)
(0.1524472054 0.2154508337 0.01)
(0.1554497125 0.2226994997 0.01)
(0.1595491914 0.2293892292 0.01)
(0.1646447 0.2353553 0.01)
(0.1706107708 0.2404508086 0.01)
(0.1773005003 0.2445502875 0.01)
(0.1845491663 0.2475527946 0.01)
(0.1921782839 0.2493843987 0.01)
(0.2 0.25 0.01)
(0.145 0.2 0.01)
(0.1465540412 0.2080395445 0.01)
(0.1492024849 0.2159057503 0.01)
(0.1529047413 0.2234295497 0.01)
(0.1575942723 0.2304503063 0.01)
(0.16318023 0.23681977 0.01)
(0.1695496937 0.2424057277 0.01)
(0.1765704503 0.2470952587 0.01)
(0.1840942497 0.2507975151 0.01)
(0.1919604555 0.2534459588 0.01)
(0.2 0.255 0.01)
(0.14 0.2 0.01)
(0.142492481 0.2082573729 0.01)
(0.1459577644 0.2163606669 0.01)
(0.15035977 0.2241595998 0.01)
(0.1556393531 0.2315113834 0.01)
(0.16171576 0.23828424 0.01)
(0.1684886166 0.2443606469 0.01)
(0.1758404002 0.24964023 0.01)
(0.1836393331 0.2540422356 0.01)
(0.1917426271 0.257507519 0.01)
(0.2 0.26 0.01)
(0.135 0.2 0.01)
(0.1384309209 0.2084752013 0.01)
(0.1427130438 0.2168155836 0.01)
(0.1478147988 0.2248896498 0.01)
(0.153684434 0.2325724605 0.01)
(0.16025129 0.23974871 0.01)
(0.1674275395 0.246315566 0.01)
(0.1751103502 0.2521852012 0.01)
(0.1831844164 0.2572869562 0.01)
(0.1915247987 0.2615690791 0.01)
(0.2 0.265 0.01)
(0.13 0.2 0.01)
(0.1343693608 0.2086930297 0.01)
(0.1394683233 0.2172705002 0.01)
(0.1452698275 0.2256196998 0.01)
(0.1517295149 0.2336335375 0.01)
(0.15878682 0.24121318 0.01)
(0.1663664625 0.2482704851 0.01)
(0.1743803002 0.2547301725 0.01)
(0.1827294998 0.2605316767 0.01)
(0.1913069703 0.2656306392 0.01)
(0.2 0.27 0.01)
(0.125 0.2 0.01)
(0.1303078007 0.2089108581 0.01)
(0.1362236027 0.2177254168 0.01)
(0.1427248563 0.2263497499 0.01)
(0.1497745957 0.2346946146 0.01)
(0.15732235 0.24267765 0.01)
(0.1653053854 0.2502254043 0.01)
(0.1736502501 0.2572751437 0.01)
(0.1822745832 0.2637763973 0.01)
(0.1910891419 0.2696921993 0.01)
(0.2 0.275 0.01)
(0.12 0.2 0.01)
(0.1262462405 0.2091286865 0.01)
(0.1329788822 0.2181803335 0.01)
(0.140179885 0.2270797999 0.01)
(0.1478196766 0.2357556917 0.01)
(0.15585788 0.24414212 0.01)
(0.1642443083 0.2521803234 0.01)
(0.1729202001 0.259820115 0.01)
(0.1818196665 0.2670211178 0.01)
(0.1908713135 0.2737537595 0.01)
(0.2 0.28 0.01)
(0.115 0.2 0.01)
(0.1221846804 0.2093465148 0.01)
(0.1297341616 0.2186352501 0.01)
(0.1376349138 0.2278098499 0.01)
(0.1458647574 0.2368167688 0.01)
(0.15439341 0.24560659 0.01)
(0.1631832312 0.2541352426 0.01)
(0.1721901501 0.2623650862 0.01)
(0.1813647499 0.2702658384 0.01)
(0.1906534852 0.2778153196 0.01)
(0.2 0.285 0.01)
(0.11 0.2 0.01)
(0.1181231203 0.2095643432 0.01)
(0.1264894411 0.2190901667 0.01)
(0.1350899425 0.2285398999 0.01)
(0.1439098383 0.2378778458 0.01)
(0.15292894 0.24707106 0.01)
(0.1621221542 0.2560901617 0.01)
(0.1714601001 0.2649100575 0.01)
(0.1809098333 0.2735105589 0.01)
(0.1904356568 0.2818768797 0.01)
(0.2 0.29 0.01)
(0.105 0.2 0.01)
(0.1140615601 0.2097821716 0.01)
(0.1232447205 0.2195450834 0.01)
(0.1325449713 0.22926995 0.01)
(0.1419549191 0.2389389229 0.01)
(0.15146447 0.24853553 0.01)
(0.1610610771 0.2580450809 0.01)
(0.17073005 0.2674550287 0.01)
(0.1804549166 0.2767552795 0.01)
(0.1902178284 0.2859384399 0.01)
(0.2 0.295 0.01)
(0.1 0.2 0.01)
(0.11 0.21 0.01)
(0.12 0.22 0.01)
(0.13 0.23 0.01)
(0.14 0.24 0.01)
(0.15 0.25 0.01)
(0.16 0.26 0.01)
(0.17 0.27 0.01)
(0.18 0.28 0.01)
(0.19 0.29 0.01)
(0.2 0.3 0.01)
(0.2078217161 0.2493843987 0)
(0.2154508337 0.2475527946 0)
(0.2226994997 0.2445502875 0)
(0.2293892292 0.2404508086 0)
(0.2353553 0.2353553 0)
(0.2404508086 0.2293892292 0)
(0.2445502875 0.2226994997 0)
(0.2475527946 0.2154508337 0)
(0.2493843987 0.2078217161 0)
(0.25 0.2 0)
(0.2080395445 0.2534459588 0)
(0.2159057503 0.2507975151 0)
(0.2234295497 0.2470952587 0)
(0.2304503063 0.2424057277 0)
(0.23681977 0.23681977 0)
(0.2424057277 0.2304503063 0)
(0.2470952587 0.2234295497 0)
(0.2507975151 0.2159057503 0)
(0.2534459588 0.2080395445 0)
(0.255 0.2 0)
(0.2082573729 0.257507519 0)
(0.2163606669 0.2540422356 0)
(0.2241595998 0.24964023 0)
(0.2315113834 0.2443606469 0)
(0.23828424 0.23828424 0)
(0.2443606469 0.2315113834 0)
(0.24964023 0.2241595998 0)
(0.2540422356 0.2163606669 0)
(0.257507519 0.2082573729 0)
(0.26 0.2 0)
(0.2084752013 0.2615690791 0)
(0.2168155836 0.2572869562 0)
(0.2248896498 0.2521852012 0)
(0.2325724605 0.246315566 0)
(0.23974871 0.23974871 0)
(0.246315566 0.2325724605 0)
(0.2521852012 0.2248896498 0)
(0.2572869562 0.2168155836 0)
(0.2615690791 0.2084752013 0)
(0.265 0.2 0)
(0.2086930297 0.2656306392 0)
(0.2172705002 0.2605316767 0)
(0.2256196998 0.2547301725 0)
(0.2336335375 0.2482704851 0)
(0.24121318 0.24121318 0)
(0.2482704851 0.2336335375 0)
(0.2547301725 0.2256196998 0)
(0.2605316767 0.2172705002 0)
(0.2656306392 0.2086930297 0)
(0.27 0.2 0)
(0.2089108581 0.2696921993 0)
(0.2177254168 0.2637763973 0)
(0.2263497499 0.2572751437 0)
(0.2346946146 0.2502254043 0)
(0.24267765 0.24267765 0)
(0.2502254043 0.2346946146 0)
(0.2572751437 0.2263497499 0)
(0.2637763973 0.2177254168 0)
(0.2696921993 0.2089108581 0)
(0.275 0.2 0)
(0.2091286865 0.2737537595 0)
(0.2181803335 0.2670211178 0)
(0.2270797999 0.259820115 0)
(0.2357556917 0.2521803234 0)
(0.24414212 0.24414212 0)
(0.2521803234 0.2357556917 0)
(0.259820115 0.2270797999 0)
(0.2670211178 0.2181803335 0)
(0.2737537595 0.2091286865 0)
(0.28 0.2 0)
(0.2093465148 0.2778153196 0)
(0.2186352501 0.2702658384 0)
(0.2278098499 0.2623650862 0)
(0.2368167688 0.2541352426 0)
(0.24560659 0.24560659 0)
(0.2541352426 0.2368167688 0)
(0.2623650862 0.2278098499 0)
(0.2702658384 0.2186352501 0)
(0.2778153196 0.2093465148 0)
(0.285 0.2 0)
(0.2095643432 0.2818768797 0)
(0.2190901667 0.2735105589 0)
(0.2285398999 0.2649100575 0)
(0.2378778458 0.2560901617 0)
(0.24707106 0.24707106 0)
(0.2560901617 0.2378778458 0)
(0.2649100575 0.2285398999 0)
(0.2735105589 0.2190901667 0)
(0.2818768797 0.2095643432 0)
(0.29 0.2 0)
(0.2097821716 0.2859384399 0)
(0.2195450834 0.2767552795 0)
(0.22926995 0.2674550287 0)
(0.2389389229 0.2580450809 0)
(0.24853553 0.24853553 0)
(0.2580450809 0.2389389229 0)
(0.2674550287 0.22926995 0)
(0.2767552795 0.2195450834 0)
(0.2859384399 0.2097821716 0)
(0.295 0.2 0)
(0.21 0.29 0)
(0.22 0.28 0)
(0.23 0.27 0)
(0.24 0.26 0)
(0.25 0.25 0)
(0.26 0.24 0)
(0.27 0.23 0)
(0.28 0.22 0)
(0.29 0.21 0)
(0.3 0.2 0)
(0.2078217161 0.2493843987 0.01)
(0.2154508337 0.2475527946 0.01)
(0.2226994997 0.2445502875 0.01)
(0.2293892292 0.2404508086 0.01)
(0.2353553 0.2353553 0.01)
(0.2404508086 0.2293892292 0.01)
(0.2445502875 0.2226994997 0.01)
(0.2475527946 0.2154508337 0.01)
(0.2493843987 0.2078217161 0.01)
(0.25 0.2 0.01)
(0.2080395445 0.2534459588 0.01)
(0.2159057503 0.2507975151 0.01)
(0.2234295497 0.2470952587 0.01)
(0.2304503063 0.2424057277 0.01)
(0.23681977 0.23681977 0.01)
(0.2424057277 0.2304503063 0.01)
(0.2470952587 0.2234295497 0.01)
(0.2507975151 0.2159057503 0.01)
(0.2534459588 0.2080395445 0.01)
(0.255 0.2 0.01)
(0.2082573729 0.257507519 0.01)
(0.2163606669 0.2540422356 0.01)
(0.2241595998 0.24964023 0.01)
(0.2315113834 0.2443606469 0.01)
(0.23828424 0.23828424 0.01)
(0.2443606469 0.2315113834 0.01)
(0.24964023 0.2241595998 0.01)
(0.2540422356 0.2163606669 0.01)
(0.257507519 0.2082573729 0.01)
(0.26 0.2 0.01)
(0.2084752013 0.2615690791 0.01)
(0.2168155836 0.2572869562 0.01)
(0.2248896498 0.2521852012 0.01)
(0.2325724605 0.246315566 0.01)
(0.23974871 0.23974871 0.01)
(0.246315566 0.2325724605 0.01)
(0.2521852012 0.2248896498 0.01)
(0.2572869562 0.2168155836 0.01)
(0.2615690791 0.2084752013 0.01)
(0.265 0.2 0.01)
(0.2086930297 0.2656306392 0.01)
(0.2172705002 0.2605316767 0.01)
(0.2256196998 0.2547301725 0.01)
(0.2336335375 0.2482704851 0.01)
(0.24121318 0.24121318 0.01)
(0.2482704851 0.2336335375 0.01)
(0.2547301725 0.2256196998 0.01)
(0.2605316767 0.2172705002 0.01)
(0.2656306392 0.2086930297 0.01)
(0.27 0.2 0.01)
(0.2089108581 0.2696921993 0.01)
(0.2177254168 0.2637763973 0.01)
(0.2263497499 0.2572751437 0.01)
(0.2346946146 0.2502254043 0.01)
(0.24267765 0.24267765 0.01)
(0.2502254043 0.2346946146 0.01)
(0.2572751437 0.2263497499 0.01)
(0.2637763973 0.2177254168 0.01)
(0.2696921993 0.2089108581 0.01)
(0.275 0.2 0.01)
(0.2091286865 0.2737537595 0.01)
(0.2181803335 0.2670211178 0.01)
(0.2270797999 0.259820115 0.01)
(0.2357556917 0.2521803234 0.01)
(0.24414212 0.24414212 0.01)
(0.2521803234 0.2357556917 0.01)
(0.259820115 0.2270797999 0.01)
(0.2670211178 0.2181803335 0.01)
(0.2737537595 0.2091286865 0.01)
(0.28 0.2 0.01)
(0.2093465148 0.2778153196 0.01)
(0.2186352501 0.2702658384 0.01)
(0.2278098499 0.2623650862 0.01)
(0.2368167688 0.2541352426 0.01)
(0.24560659 0.24560659 0.01)
(0.2541352426 0.2368167688 0.01)
(0.2623650862 0.2278098499 0.01)
(0.2702658384 0.2186352501 0.01)
(0.2778153196 0.2093465148 0.01)
(0.285 0.2 0.01)
(0.2095643432 0.2818768797 0.01)
(0.2190901667 0.2735105589 0.01)
(0.2285398999 0.2649100575 0.01)
(0.2378778458 0.2560901617 0.01)
(0.24707106 0.24707106 0.01)
(0.2560901617 0.2378778458 0.01)
(0.2649100575 0.2285398999 0.01)
(0.2735105589 0.2190901667 0.01)
(0.2818768797 0.2095643432 0.01)
(0.29 0.2 0.01)
(0.2097821716 0.2859384399 0.01)
(0.2195450834 0.2767552795 0.01)
(0.22926995 0.2674550287 0.01)
(0.2389389229 0.2580450809 0.01)
(0.24853553 0.24853553 0.01)
(0.2580450809 0.2389389229 0.01)
(0.2674550287 0.22926995 0.01)
(0.2767552795 0.2195450834 0.01)
(0.2859384399 0.2097821716 0.01)
(0.295 0.2 0.01)
(0.21 0.29 0.01)
(0.22 0.28 0.01)
(0.23 0.27 0.01)
(0.24 0.26 0.01)
(0.25 0.25 0.01)
(0.26 0.24 0.01)
(0.27 0.23 0.01)
(0.28 0.22 0.01)
(0.29 0.21 0.01)
(0.3 0.2 0.01)
(0.2493843987 0.1921782839 0)
(0.2475527946 0.1845491663 0)
(0.2445502875 0.1773005003 0)
(0.2404508086 0.1706107708 0)
(0.2353553 0.1646447 0)
(0.2293892292 0.1595491914 0)
(0.2226994997 0.1554497125 0)
(0.2154508337 0.1524472054 0)
(0.2078217161 0.1506156013 0)
(0.2 0.15 0)
(0.2534459588 0.1919604555 0)
(0.2507975151 0.1840942497 0)
(0.2470952587 0.1765704503 0)
(0.2424057277 0.1695496937 0)
(0.23681977 0.16318023 0)
(0.2304503063 0.1575942723 0)
(0.2234295497 0.1529047413 0)
(0.2159057503 0.1492024849 0)
(0.2080395445 0.1465540412 0)
(0.2 0.145 0)
(0.257507519 0.1917426271 0)
(0.2540422356 0.1836393331 0)
(0.24964023 0.1758404002 0)
(0.2443606469 0.1684886166 0)
(0.23828424 0.16171576 0)
(0.2315113834 0.1556393531 0)
(0.2241595998 0.15035977 0)
(0.2163606669 0.1459577644 0)
(0.2082573729 0.142492481 0)
(0.2 0.14 0)
(0.2615690791 0.1915247987 0)
(0.2572869562 0.1831844164 0)
(0.2521852012 0.1751103502 0)
(0.246315566 0.1674275395 0)
(0.23974871 0.16025129 0)
(0.2325724605 0.153684434 0)
(0.2248896498 0.1478147988 0)
(0.2168155836 0.1427130438 0)
(0.2084752013 0.1384309209 0)
(0.2 0.135 0)
(0.2656306392 0.1913069703 0)
(0.2605316767 0.1827294998 0)
(0.2547301725 0.1743803002 0)
(0.2482704851 0.1663664625 0)
(0.24121318 0.15878682 0)
(0.2336335375 0.1517295149 0)
(0.2256196998 0.1452698275 0)
(0.2172705002 0.1394683233 0)
(0.2086930297 0.1343693608 0)
(0.2 0.13 0)
(0.2696921993 0.1910891419 0)
(0.2637763973 0.1822745832 0)
(0.2572751437 0.1736502501 0)
(0.2502254043 0.1653053854 0)
(0.24267765 0.15732235 0)
(0.2346946146 0.1497745957 0)
(0.2263497499 0.1427248563 0)
(0.2177254168 0.1362236027 0)
(0.2089108581 0.1303078007 0)
(0.2 0.125 0)
(0.2737537595 0.1908713135 0)
(0.2670211178 0.1818196665 0)
(0.259820115 0.1729202001 0)
(0.2521803234 0.1642443083 0)
(0.24414212 0.15585788 0)
(0.2357556917 0.1478196766 0)
(0.2270797999 0.140179885 0)
(0.2181803335 0.1329788822 0)
(0.2091286865 0.1262462405 0)
(0.2 0.12 0)
(0.2778153196 0.1906534852 0)
(0.2702658384 0.1813647499 0)
(0.2623650862 0.1721901501 0)
(0.2541352426 0.1631832312 0)
(0.24560659 0.15439341 0)
(0.2368167688 0.1458647574 0)
(0.2278098499 0.1376349138 0)
(0.2186352501 0.1297341616 0)
(0.2093465148 0.1221846804 0)
(0.2 0.115 0)
(0.2818768797 0.1904356568 0)
(0.2735105589 0.1809098333 0)
(0.2649100575 0.1714601001 0)
(0.2560901617 0.1621221542 0)
(0.24707106 0.15292894 0)
(0.2378778458 0.1439098383 0)
(0.2285398999 0.1350899425 0)
(0.2190901667 0.1264894411 0)
(0.2095643432 0.1181231203 0)
(0.2 0.11 0)
(0.2859384399 0.1902178284 0)
(0.2767552795 0.1804549166 0)
(0.2674550287 0.17073005 0)
(0.2580450809 0.1610610771 0)
(0.24853553 0.15146447 0)
(0.2389389229 0.1419549191 0)
(0.22926995 0.1325449713 0)
(0.2195450834 0.1232447205 0)
(0.2097821716 0.1140615601 0)
(0.2 0.105 0)
(0.29 0.19 0)
(0.28 0.18 0)
(0.27 0.17 0)
(0.26 0.16 0)
(0.25 0.15 0)
(0.24 0.14 0)
(0.23 0.13 0)
(0.22 0.12 0)
(0.21 0.11 0)
(0.2 0.1 0)
(0.2493843987 0.1921782839 0.01)
(0.2475527946 0.1845491663 0.01)
(0.2445502875 0.1773005003 0.01)
(0.2404508086 0.1706107708 0.01)
(0.2353553 0.1646447 0.01)
(0.2293892292 0.1595491914 0.01)
(0.2226994997 0.1554497125 0.01)
(0.2154508337 0.1524472054 0.01)
(0.2078217161 0.1506156013 0.01)
(0.2 0.15 0.01)
(0.2534459588 0.1919604555 0.01)
(0.2507975151 0.1840942497 0.01)
(0.2470952587 0.1765704503 0.01)
(0.2424057277 0.1695496937 0.01)
(0.23681977 0.16318023 0.01)
(0.2304503063 0.1575942723 0.01)
(0.2234295497 0.1529047413 0.01)
(0.2159057503 0.1492024849 0.01)
(0.2080395445 0.1465540412 0.01)
(0.2 0.145 0.01)
(0.257507519 0.1917426271 0.01)
(0.2540422356 0.1836393331 0.01)
(0.24964023 0.1758404002 0.01)
(0.2443606469 0.1684886166 0.01)
(0.23828424 0.16171576 0.01)
(0.2315113834 0.1556393531 0.01)
(0.2241595998 0.15035977 0.01)
(0.2163606669 0.1459577644 0.01)
(0.2082573729 0.142492481 0.01)
(0.2 0.14 0.01)
(0.2615690791 0.1915247987 0.01)
(0.2572869562 0.1831844164 0.01)
(0.2521852012 0.1751103502 0.01)
(0.246315566 0.1674275395 0.01)
(0.23974871 0.16025129 0.01)
(0.2325724605 0.153684434 0.01)
(0.2248896498 0.1478147988 0.01)
(0.2168155836 0.1427130438 0.01)
(0.2084752013 0.1384309209 0.01)
(0.2 0.135 0.01)
(0.2656306392 0.1913069703 0.01)
(0.2605316767 0.1827294998 0.01)
(0.2547301725 0.1743803002 0.01)
(0.2482704851 0.1663664625 0.01)
(0.24121318 0.15878682 0.01)
(0.2336335375 0.1517295149 0.01)
(0.2256196998 0.1452698275 0.01)
(0.2172705002 0.1394683233 0.01)
(0.2086930297 0.1343693608 0.01)
(0.2 0.13 0.01)
(0.2696921993 0.1910891419 0.01)
(0.2637763973 0.1822745832 0.01)
(0.2572751437 0.1736502501 0.01)
(0.2502254043 0.1653053854 0.01)
(0.24267765 0.15732235 0.01)
(0.2346946146 0.1497745957 0.01)
(0.2263497499 0.1427248563 0.01)
(0.2177254168 0.1362236027 0.01)
(0.2089108581 0.1303078007 0.01)
(0.2 0.125 0.01)
(0.2737537595 0.1908713135 0.01)
(0.2670211178 0.1818196665 0.01)
(0.259820115 0.1729202001 0.01)
(0.2521803234 0.1642443083 0.01)
(0.24414212 0.15585788 0.01)
(0.2357556917 0.1478196766 0.01)
(0.2270797999 0.140179885 0.01)
(0.2181803335 0.1329788822 0.01)
(0.2091286865 0.1262462405 0.01)
(0.2 0.12 0.01)
(0.2778153196 0.1906534852 0.01)
(0.2702658384 0.1813647499 0.01)
(0.2623650862 0.1721901501 0.01)
(0.2541352426 0.1631832312 0.01)
(0.24560659 0.15439341 0.01)
(0.2368167688 0.1458647574 0.01)
(0.2278098499 0.1376349138 0.01)
(0.2186352501 0.1297341616 0.01)
(0.2093465148 0.1221846804 0.01)
(0.2 0.115 0.01)
(0.2818768797 0.1904356568 0.01)
(0.2735105589 0.1809098333 0.01)
(0.2649100575 0.1714601001 0.01)
(0.2560901617 0.1621221542 0.01)
(0.24707106 0.15292894 0.01)
(0.2378778458 0.1439098383 0.01)
(0.2285398999 0.1350899425 0.01)
(0.2190901667 0.1264894411 0.01)
(0.2095643432 0.1181231203 0.01)
(0.2 0.11 0.01)
(0.2859384399 0.1902178284 0.01)
(0.2767552795 0.1804549166 0.01)
(0.2674550287 0.17073005 0.01)
(0.2580450809 0.1610610771 0.01)
(0.24853553 0.15146447 0.01)
(0.2389389229 0.1419549191 0.01)
(0.22926995 0.1325449713 0.01)
(0.2195450834 0.1232447205 0.01)
(0.2097821716 0.1140615601 0.01)
(0.2 0.105 0.01)
(0.29 0.19 0.01)
(0.28 0.18 0.01)
(0.27 0.17 0.01)
(0.26 0.16 0.01)
(0.25 0.15 0.01)
(0.24 0.14 0.01)
(0.23 0.13 0.01)
(0.22 0.12 0.01)
(0.21 0.11 0.01)
(0.2 0.1 0.01)
(0.1921782839 0.1506156013 0)
(0.1845491663 0.1524472054 0)
(0.1773005003 0.1554497125 0)
(0.1706107708 0.1595491914 0)
(0.1646447 0.1646447 0)
(0.1595491914 0.1706107708 0)
(0.1554497125 0.1773005003 0)
(0.1524472054 0.1845491663 0)
(0.1506156013 0.1921782839 0)
(0.1919604555 0.1465540412 0)
(0.1840942497 0.1492024849 0)
(0.1765704503 0.1529047413 0)
(0.1695496937 0.1575942723 0)
(0.16318023 0.16318023 0)
(0.1575942723 0.1695496937 0)
(0.1529047413 0.1765704503 0)
(0.1492024849 0.1840942497 0)
(0.1465540412 0.1919604555 0)
(0.1917426271 0.142492481 0)
(0.1836393331 0.1459577644 0)
(0.1758404002 0.15035977 0)
(0.1684886166 0.1556393531 0)
(0.16171576 0.16171576 0)
(0.1556393531 0.1684886166 0)
(0.15035977 0.1758404002 0)
(0.1459577644 0.1836393331 0)
(0.142492481 0.1917426271 0)
(0.1915247987 0.1384309209 0)
(0.1831844164 0.1427130438 0)
(0.1751103502 0.1478147988 0)
(0.1674275395 0.153684434 0)
(0.16025129 0.16025129 0)
(0.153684434 0.1674275395 0)
(0.1478147988 0.1751103502 0)
(0.1427130438 0.1831844164 0)
(0.1384309209 0.1915247987 0)
(0.1913069703 0.1343693608 0)
(0.1827294998 0.1394683233 0)
(0.1743803002 0.1452698275 0)
(0.1663664625 0.1517295149 0)
(0.15878682 0.15878682 0)
(0.1517295149 0.1663664625 0)
(0.1452698275 0.1743803002 0)
(0.1394683233 0.1827294998 0)
(0.1343693608 0.1913069703 0)
(0.1910891419 0.1303078007 0)
(0.1822745832 0.1362236027 0)
(0.1736502501 0.1427248563 0)
(0.1653053854 0.1497745957 0)
(0.15732235 0.15732235 0)
(0.1497745957 0.1653053854 0)
(0.1427248563 0.1736502501 0)
(0.1362236027 0.1822745832 0)
(0.1303078007 0.1910891419 0)
(0.1908713135 0.1262462405 0)
(0.1818196665 0.1329788822 0)
(0.1729202001 0.140179885 0)
(0.1642443083 0.1478196766 0)
(0.15585788 0.15585788 0)
(0.1478196766 0.1642443083 0)
(0.140179885 0.1729202001 0)
(0.1329788822 0.1818196665 0)
(0.1262462405 0.1908713135 0)
(0.1906534852 0.1221846804 0)
(0.1813647499 0.1297341616 0)
(0.1721901501 0.1376349138 0)
(0.1631832312 0.1458647574 0)
(0.15439341 0.15439341 0)
(0.1458647574 0.1631832312 0)
(0.1376349138 0.1721901501 0)
(0.1297341616 0.1813647499 0)
(0.1221846804 0.1906534852 0)
(0.1904356568 0.1181231203 0)
(0.1809098333 0.1264894411 0)
(0.1714601001 0.1350899425 0)
(0.1621221542 0.1439098383 0)
(0.15292894 0.15292894 0)
(0.1439098383 0.1621221542 0)
(0.1350899425 0.1714601001 0)
(0.1264894411 0.1809098333 0)
(0.1181231203 0.1904356568 0)
(0.1902178284 0.1140615601 0)
(0.1804549166 0.1232447205 0)
(0.17073005 0.1325449713 0)
(0.1610610771 0.1419549191 0)
(0.15146447 0.15146447 0)
(0.1419549191 0.1610610771 0)
(0.1325449713 0.17073005 0)
(0.1232447205 0.1804549166 0)
(0.1140615601 0.1902178284 0)
(0.19 0.11 0)
(0.18 0.12 0)
(0.17 0.13 0)
(0.16 0.14 0)
(0.15 0.15 0)
(0.14 0.16 0)
(0.13 0.17 0)
(0.12 0.18 0)
(0.11 0.19 0)
(0.1921782839 0.1506156013 0.01)
(0.1845491663 0.1524472054 0.01)
(0.1773005003 0.1554497125 0.01)
(0.1706107708 0.1595491914 0.01)
(0.1646447 0.1646447 0.01)
(0.1595491914 0.1706107708 0.01)
(0.1554497125 0.1773005003 0.01)
(0.1524472054 0.1845491663 0.01)
(0.1506156013 0.1921782839 0.01)
(0.1919604555 0.1465540412 0.01)
(0.1840942497 0.1492024849 0.01)
(0.1765704503 0.1529047413 0.01)
(0.1695496937 0.1575942723 0.01)
(0.16318023 0.16318023 0.01)
(0.1575942723 0.1695496937 0.01)
(0.1529047413 0.1765704503 0.01)
(0.1492024849 0.1840942497 0.01)
(0.1465540412 0.1919604555 0.01)
(0.1917426271 0.142492481 0.01)
(0.1836393331 0.1459577644 0.01)
(0.1758404002 0.15035977 0.01)
(0.1684886166 0.1556393531 0.01)
(0.16171576 0.16171576 0.01)
(0.1556393531 0.1684886166 0.01)
(0.15035977 0.1758404002 0.01)
(0.1459577644 0.1836393331 0.01)
(0.142492481 0.1917426271 0.01)
(0.1915247987 0.1384309209 0.01)
(0.1831844164 0.1427130438 0.01)
(0.1751103502 0.1478147988 0.01)
(0.1674275395 0.153684434 0.01)
(0.16025129 0.16025129 0.01)
(0.153684434 0.1674275395 0.01)
(0.1478147988 0.1751103502 0.01)
(0.1427130438 0.1831844164 0.01)
(0.1384309209 0.1915247987 0.01)
(0.1913069703 0.1343693608 0.01)
(0.1827294998 0.1394683233 0.01)
(0.1743803002 0.1452698275 0.01)
(0.1663664625 0.1517295149 0.01)
(0.15878682 0.15878682 0.01)
(0.1517295149 0.1663664625 0.01)
(0.1452698275 0.1743803002 0.01)
(0.1394683233 0.1827294998 0.01)
(0.1343693608 0.1913069703 0.01)
(0.1910891419 0.1303078007 0.01)
(0.1822745832 0.1362236027 0.01)
(0.1736502501 0.1427248563 0.01)
(0.1653053854 0.1497745957 0.01)
(0.15732235 0.15732235 0.01)
(0.1497745957 0.1653053854 0.01)
(0.1427248563 0.1736502501 0.01)
(0.1362236027 0.1822745832 0.01)
(0.1303078007 0.1910891419 0.01)
(0.1908713135 0.1262462405 0.01)
(0.1818196665 0.1329788822 0.01)
(0.1729202001 0.140179885 0.01)
(0.1642443083 0.1478196766 0.01)
(0.15585788 0.15585788 0.01)
(0.1478196766 0.1642443083 0.01)
(0.140179885 0.1729202001 0.01)
(0.1329788822 0.1818196665 0.01)
(0.1262462405 0.1908713135 0.01)
(0.1906534852 0.1221846804 0.01)
(0.1813647499 0.1297341616 0.01)
(0.1721901501 0.1376349138 0.01)
(0.1631832312 0.1458647574 0.01)
(0.15439341 0.15439341 0.01)
(0.1458647574 0.1631832312 0.01)
(0.1376349138 0.1721901501 0.01)
(0.1297341616 0.1813647499 0.01)
(0.1221846804 0.1906534852 0.01)
(0.1904356568 0.1181231203 0.01)
(0.1809098333 0.1264894411 0.01)
(0.1714601001 0.1350899425 0.01)
(0.1621221542 0.1439098383 0.01)
(0.15292894 0.15292894 0.01)
(0.1439098383 0.1621221542 0.01)
(0.1350899425 0.1714601001 0.01)
(0.1264894411 0.1809098333 0.01)
(0.1181231203 0.1904356568 0.01)
(0.1902178284 0.1140615601 0.01)
(0.1804549166 0.1232447205 0.01)
(0.17073005 0.1325449713 0.01)
(0.1610610771 0.1419549191 0.01)
(0.15146447 0.15146447 0.01)
(0.1419549191 0.1610610771 0.01)
(0.1325449713 0.17073005 0.01)
(0.1232447205 0.1804549166 0.01)
(0.1140615601 0.1902178284 0.01)
(0.19 0.11 0.01)
(0.18 0.12 0.01)
(0.17 0.13 0.01)
(0.16 0.14 0.01)
(0.15 0.15 0.01)
(0.14 0.16 0.01)
(0.13 0.17 0.01)
(0.12 0.18 0.01)
(0.11 0.19 0.01)
)


// ************************************************************************* //
